s 1 21576
s 2 40177
s 3 36622
s 4 14898
s 5 19833
s 6 26498
s 7 45945
s 8 34834
s 9 40108
s 10 14485
s 11 41504
s 12 29938
s 13 19783
s 14 39339
s 15 26252
s 16 10815
s 17 14165
s 18 11975
s 19 19241
s 20 28680
s 21 29855
s 22 22338
s 23 36860
s 24 34033
s 25 10412
s 26 18215
s 27 43782
s 28 24021
s 29 42264
s 30 47898
s 31 24677
s 32 30701
s 33 46742
s 34 14377
s 35 20845
s 36 35208
s 37 27436
s 38 25143
s 39 46626
s 40 24117
s 41 20772
s 42 21606
s 43 13287
s 44 33235
s 45 35688
s 46 44699
s 47 49325
s 48 42023
s 49 47528
1 2 33129
1 3 16361
1 4 16324
1 5 49883
1 6 19230
1 7 19187
1 8 32694
1 9 37051
1 10 13621
1 11 18030
1 12 38816
1 13 35580
1 14 36605
1 15 19310
1 16 46600
1 17 27132
1 18 33720
1 19 20457
1 20 34340
1 21 24937
1 22 40056
1 23 17007
1 24 44999
1 25 28635
1 26 47692
1 27 32835
1 28 44676
1 29 11558
1 30 41953
1 31 14215
1 32 38317
1 33 28979
1 34 38479
1 35 44685
1 36 45461
1 37 17673
1 38 22159
1 39 10639
1 40 14190
1 41 46220
1 42 41887
1 43 32505
1 44 10224
1 45 10963
1 46 12100
1 47 17669
1 48 17434
1 49 48858
2 1 33129
2 3 32285
2 4 31901
2 5 28570
2 6 16101
2 7 45423
2 8 16287
2 9 13945
2 10 17184
2 11 19273
2 12 29208
2 13 34462
2 14 46646
2 15 14833
2 16 21736
2 17 33962
2 18 49791
2 19 31261
2 20 46090
2 21 27381
2 22 45654
2 23 39400
2 24 41116
2 25 42946
2 26 43294
2 27 34869
2 28 11700
2 29 12215
2 30 17354
2 31 13872
2 32 19233
2 33 22485
2 34 25641
2 35 24288
2 36 25159
2 37 40453
2 38 49990
2 39 32849
2 40 11518
2 41 18238
2 42 22743
2 43 43264
2 44 42748
2 45 11650
2 46 47944
2 47 25025
2 48 49465
2 49 29899
3 1 16361
3 2 32285
3 4 13942
3 5 34871
3 6 40839
3 7 32517
3 8 23782
3 9 13823
3 10 19241
3 11 21737
3 12 36198
3 13 19187
3 14 17021
3 15 19007
3 16 12952
3 17 27645
3 18 29074
3 19 44193
3 20 36922
3 21 49699
3 22 37587
3 23 16654
3 24 20325
3 25 21764
3 26 24984
3 27 12272
3 28 33969
3 29 19436
3 30 20663
3 31 15135
3 32 35523
3 33 27872
3 34 39182
3 35 19371
3 36 36079
3 37 26133
3 38 29457
3 39 34848
3 40 33555
3 41 12392
3 42 39990
3 43 32482
3 44 19116
3 45 13461
3 46 39995
3 47 34338
3 48 19936
3 49 26504
4 1 16324
4 2 31901
4 3 13942
4 6 10808
4 7 34179
4 8 19123
4 9 42600
4 10 32839
4 11 23245
4 12 41544
4 13 40394
4 14 17256
4 15 48411
4 16 36402
4 17 25958
4 18 35038
4 19 15378
4 20 13122
4 21 22222
4 22 10944
4 23 25318
4 24 45857
4 25 16682
4 26 40689
4 27 37802
4 28 34230
4 29 38645
4 31 10956
4 32 26466
4 34 18496
4 35 43658
4 36 14911
4 37 48309
4 38 33700
4 39 21305
4 40 33142
4 41 27912
4 42 40210
4 43 37866
4 44 29549
4 45 13441
4 46 19593
4 47 21547
4 48 15748
4 49 24877
5 1 49883
5 2 28570
5 3 34871
5 6 29189
5 7 13721
5 8 45913
5 9 17622
5 10 43898
5 11 40610
5 12 20801
5 13 12721
5 14 36548
5 15 40996
5 17 46173
5 18 13833
5 19 13655
5 20 11118
5 21 43389
5 22 28498
5 23 10927
5 24 10536
5 25 49651
5 26 24251
5 27 23282
5 28 11246
5 29 48475
5 30 28518
5 31 34913
5 32 10695
5 33 20954
5 34 42775
5 35 43490
5 36 29417
5 37 37649
5 38 30482
5 39 28150
5 40 12713
5 41 47729
5 42 20928
5 43 22056
5 44 13269
5 45 46625
5 46 41368
5 47 15089
5 48 16373
5 49 31235
6 1 19230
6 2 16101
6 3 40839
6 4 10808
6 5 29189
6 7 20087
6 8 25843
6 9 38943
6 10 25408
6 11 46053
6 12 42816
6 13 28227
6 14 43649
6 15 36061
6 16 19093
6 17 15466
6 18 38919
6 19 30955
6 20 28677
6 21 33690
6 22 24521
6 23 27923
6 24 47852
6 25 35431
6 26 27739
6 27 19431
6 28 40787
6 29 47587
6 30 37172
6 31 42888
6 32 43461
6 33 22269
6 34 46848
6 35 47790
6 36 36081
6 37 23643
6 38 23915
6 39 44278
6 40 26080
6 41 30664
6 42 35389
6 43 38452
6 44 46916
6 45 31909
6 46 28656
6 47 36472
6 48 32967
6 49 42986
7 1 19187
7 2 45423
7 3 32517
7 4 34179
7 5 13721
7 6 20087
7 8 30825
7 9 45600
7 10 26849
7 11 28045
7 12 12715
7 13 37648
7 14 38482
7 15 46553
7 16 44306
7 17 37097
7 18 18111
7 19 23407
7 20 18960
7 21 21214
7 22 11387
7 23 11688
7 24 23664
7 25 47433
7 26 16084
7 27 16505
7 28 15593
7 30 11301
7 31 17237
7 32 34764
7 33 27410
7 34 33481
7 35 49075
7 36 19803
7 37 43100
7 38 49345
7 39 13677
7 40 49638
7 41 18665
7 42 33496
7 43 48028
7 44 17718
7 45 48788
7 46 28139
7 47 27714
7 48 13262
7 49 43612
8 1 32694
8 2 16287
8 3 23782
8 4 19123
8 5 45913
8 6 25843
8 7 30825
8 9 22643
8 10 43246
8 11 13901
8 12 42425
8 13 14882
8 14 10801
8 15 49261
8 16 15758
8 17 45813
8 18 28075
8 19 40611
8 20 30625
8 21 25066
8 22 46597
8 23 46376
8 24 10887
8 25 11408
8 26 22940
8 27 42808
8 28 10287
8 29 16804
8 30 27077
8 31 15960
8 32 34336
8 33 40105
8 34 37535
8 35 30683
8 36 48385
8 37 15174
8 38 26073
8 39 31588
8 40 26951
8 41 21588
8 42 16937
8 43 27331
8 44 19892
8 45 12063
8 46 11366
8 47 29421
8 48 20799
8 49 33103
9 1 37051
9 2 13945
9 3 13823
9 4 42600
9 5 17622
9 6 38943
9 7 45600
9 8 22643
9 10 48899
9 11 34386
9 12 41594
9 13 40857
9 14 41512
9 15 28444
9 16 22908
9 17 28321
9 18 46972
9 19 22731
9 20 40117
9 21 45457
9 22 33604
9 23 36912
9 24 46259
9 25 19878
9 26 11706
9 27 31202
9 28 28508
9 29 42194
9 30 19799
9 31 30243
9 32 17452
9 33 27255
9 34 47557
9 35 28983
9 36 18145
9 37 37315
9 38 46871
9 39 42774
9 40 21212
9 41 41439
9 42 37248
9 43 22974
9 44 21325
9 45 15265
9 46 12684
9 47 34893
9 48 35870
9 49 39921
10 1 13621
10 2 17184
10 3 19241
10 4 32839
10 5 43898
10 6 25408
10 7 26849
10 8 43246
10 9 48899
10 11 37286
10 12 33379
10 13 13452
10 14 43105
10 15 45628
10 16 11811
10 17 25810
10 18 19752
10 19 39630
10 20 35973
10 21 24390
10 22 22619
10 23 49838
10 24 40106
10 25 22244
10 26 24166
10 27 23372
10 28 10467
10 29 34325
10 30 45130
10 31 38862
10 32 12008
10 33 28338
10 34 34624
10 35 48217
10 36 39359
10 37 21198
10 38 46263
10 39 32982
10 40 46190
10 41 21533
10 42 13791
10 43 17552
10 44 41783
10 45 15506
10 46 25326
10 47 32594
10 48 47568
10 49 41983
11 1 18030
11 2 19273
11 3 21737
11 4 23245
11 5 40610
11 6 46053
11 7 28045
11 8 13901
11 9 34386
11 10 37286
11 12 26023
11 13 23548
11 14 11218
11 15 31174
11 16 49232
11 17 40122
11 18 16780
11 19 35616
11 20 38297
11 21 19557
11 22 35476
11 23 21754
11 24 24829
11 25 15226
11 26 22206
11 27 27709
11 28 41604
11 29 36740
11 30 11014
11 31 26307
11 32 21352
11 33 47211
11 34 16279
11 35 24233
11 36 22621
11 37 31581
11 38 22916
11 39 21591
11 40 43792
11 41 26118
11 42 18948
11 43 28005
11 44 17414
11 45 19386
11 46 44311
11 47 24362
11 48 10677
11 49 20630
12 1 38816
12 2 29208
12 3 36198
12 4 41544
12 5 20801
12 6 42816
12 7 12715
12 8 42425
12 9 41594
12 10 33379
12 11 26023
12 13 38461
12 14 29665
12 15 12763
12 16 45158
12 17 37854
12 18 11269
12 19 31917
12 20 15255
12 21 11433
12 22 24557
12 23 27065
12 24 39341
12 25 34137
12 26 33306
12 27 40625
12 28 42735
12 29 20449
12 30 12392
12 31 31493
12 32 38434
12 33 49796
12 34 27420
12 35 48886
12 36 19241
12 37 48069
12 38 19512
12 40 43670
12 41 19298
12 42 18721
12 43 49968
12 44 19258
12 45 12177
12 46 10096
12 47 25796
12 48 10304
12 49 12410
13 1 35580
13 2 34462
13 3 19187
13 4 40394
13 5 12721
13 6 28227
13 7 37648
13 8 14882
13 9 40857
13 10 13452
13 11 23548
13 12 38461
13 15 20055
13 16 17009
13 17 48378
13 18 38432
13 19 22788
13 20 29956
13 21 39381
13 22 44138
13 23 19885
13 24 15777
13 25 18978
13 26 42937
13 27 44784
13 28 45121
13 29 23774
13 30 49192
13 31 20602
13 32 35202
13 33 18948
13 34 19516
13 35 31068
13 36 21755
13 37 31639
13 38 40624
13 39 30862
13 40 36533
13 41 23816
13 42 12762
13 43 15093
13 44 18309
13 45 33586
13 46 44327
13 47 49902
13 48 31459
13 49 32291
14 1 36605
14 2 46646
14 3 17021
14 4 17256
14 5 36548
14 6 43649
14 7 38482
14 8 10801
14 9 41512
14 10 43105
14 11 11218
14 12 29665
14 15 12232
14 16 24088
14 17 24449
14 18 34202
14 19 30832
14 20 18638
14 21 28453
14 22 41582
14 23 33521
14 24 47211
14 25 12232
14 26 10185
14 27 48518
14 28 43320
14 29 20945
14 30 41551
14 31 15085
14 32 37874
14 33 12579
14 34 16646
14 35 39072
14 36 16432
14 37 28474
14 38 46106
14 39 25717
14 40 14485
14 41 48031
14 42 16670
14 43 48450
14 44 28601
14 45 38845
14 46 49774
14 47 10280
14 48 17438
14 49 19204
15 1 19310
15 2 14833
15 3 19007
15 4 48411
15 5 40996
15 6 36061
15 7 46553
15 8 49261
15 9 28444
15 10 45628
15 11 31174
15 12 12763
15 13 20055
15 14 12232
15 16 16430
15 17 26665
15 18 38185
15 19 11604
15 20 28226
15 21 27738
15 22 14299
15 23 46745
15 24 24217
15 25 17326
15 26 39128
15 27 19799
15 28 20401
15 29 30561
15 30 12448
15 31 44520
15 32 27405
15 33 10384
15 34 45096
15 35 33270
15 36 10221
15 37 11258
15 38 46952
15 39 11325
15 40 27036
15 41 49050
15 42 25838
15 43 31599
15 44 44067
15 45 40456
15 46 43282
15 47 38171
15 48 14701
15 49 47728
16 1 46600
16 2 21736
16 3 12952
16 4 36402
16 6 19093
16 7 44306
16 8 15758
16 9 22908
16 10 11811
16 11 49232
16 12 45158
16 13 17009
16 14 24088
16 15 16430
16 17 14543
16 18 48325
16 19 40106
16 20 18398
16 21 27254
16 22 47602
16 23 11945
16 25 45321
16 26 48889
16 27 12837
16 28 32545
16 29 40838
16 30 17886
16 31 36214
16 32 11232
16 33 49319
16 34 45424
16 35 15745
16 36 23837
16 37 49795
16 38 30580
16 39 42026
16 40 35709
16 41 11037
16 42 19783
16 43 31368
16 44 35797
16 45 49506
16 46 14303
16 47 10297
16 48 41373
16 49 11214
17 1 27132
17 2 33962
17 3 27645
17 4 25958
17 5 46173
17 6 15466
17 7 37097
17 8 45813
17 9 28321
17 10 25810
17 11 40122
17 12 37854
17 13 48378
17 14 24449
17 15 26665
17 16 14543
17 18 43283
17 19 17339
17 20 43414
17 21 26993
17 22 49270
17 23 21974
17 24 29738
17 25 49926
17 26 25912
17 27 22180
17 28 41632
17 29 42053
17 30 18688
17 31 45416
17 32 35212
17 33 31493
17 34 13789
17 35 33971
17 36 48170
17 37 26655
17 38 21508
17 39 30594
17 40 45333
17 41 46522
17 42 33274
17 43 29049
17 44 20016
17 45 10670
17 46 29491
17 47 35452
17 48 24917
17 49 47378
18 1 33720
18 2 49791
18 3 29074
18 4 35038
18 5 13833
18 6 38919
18 7 18111
18 8 28075
18 9 46972
18 10 19752
18 11 16780
18 12 11269
18 13 38432
18 14 34202
18 15 38185
18 16 48325
18 17 43283
18 19 12669
18 20 26809
18 21 49937
18 22 12662
18 23 37234
18 24 11940
18 25 28553
18 26 11546
18 27 20423
18 28 20228
18 29 25637
18 30 47946
18 31 28604
18 32 22142
18 33 38304
18 34 12590
18 35 27530
18 36 19825
18 37 32837
18 38 21042
18 39 35809
18 40 45913
18 41 34188
18 42 42338
18 43 45712
18 44 31431
18 45 32314
18 46 37440
18 47 18528
18 48 23161
18 49 41047
19 1 20457
19 2 31261
19 3 44193
19 4 15378
19 5 13655
19 6 30955
19 7 23407
19 8 40611
19 9 22731
19 10 39630
19 11 35616
19 12 31917
19 13 22788
19 14 30832
19 15 11604
19 16 40106
19 17 17339
19 18 12669
19 20 15511
19 21 20011
19 22 16428
19 23 41306
19 24 19386
19 25 41701
19 26 15506
19 27 25660
19 28 47424
19 29 24743
19 30 24613
19 31 39719
19 32 41493
19 33 16571
19 34 32026
19 35 47345
19 36 37988
19 37 35402
19 38 46878
19 39 34362
19 40 47200
19 41 49010
19 42 25380
19 43 47574
19 44 26823
19 45 45916
19 46 17459
19 47 36427
19 48 32230
19 49 21850
20 1 34340
20 2 46090
20 3 36922
20 4 13122
20 5 11118
20 6 28677
20 7 18960
20 8 30625
20 9 40117
20 10 35973
20 11 38297
20 12 15255
20 13 29956
20 14 18638
20 15 28226
20 16 18398
20 17 43414
20 18 26809
20 19 15511
20 21 13692
20 22 23763
20 23 34145
20 24 32685
20 25 20160
20 27 20494
20 28 43613
20 29 24667
20 30 28782
20 31 35783
20 32 19106
20 33 25534
20 34 17963
20 35 17809
20 36 36616
20 37 36973
20 38 27712
20 39 35925
20 40 33112
20 41 20854
20 42 36615
20 43 12368
20 44 38820
20 45 43751
20 46 31587
20 47 48802
20 48 30908
20 49 15517
21 1 24937
21 2 27381
21 3 49699
21 4 22222
21 5 43389
21 6 33690
21 7 21214
21 8 25066
21 9 45457
21 10 24390
21 11 19557
21 12 11433
21 13 39381
21 14 28453
21 15 27738
21 16 27254
21 17 26993
21 18 49937
21 19 20011
21 20 13692
21 22 38703
21 23 44712
21 24 42233
21 25 12371
21 26 40890
21 27 20828
21 28 14258
21 29 28700
21 30 14595
21 31 48840
21 32 38415
21 33 42285
21 34 20619
21 35 36279
21 36 16525
21 37 37628
21 38 31790
21 39 23481
21 40 27000
21 41 21944
21 42 43920
21 43 23323
21 44 24300
21 45 46799
21 46 40698
21 47 45978
21 48 27907
21 49 23932
22 1 40056
22 2 45654
22 3 37587
22 4 10944
22 5 28498
22 6 24521
22 7 11387
22 8 46597
22 9 33604
22 10 22619
22 11 35476
22 12 24557
22 13 44138
22 14 41582
22 15 14299
22 16 47602
22 17 49270
22 18 12662
22 19 16428
22 20 23763
22 21 38703
22 23 22205
22 24 15589
22 25 46181
22 26 40450
22 27 10481
22 28 33458
22 29 20295
22 30 34179
22 31 37090
22 32 19782
22 33 37315
22 34 21480
22 35 47410
22 36 12783
22 37 12370
22 38 39753
22 39 31885
22 40 44427
22 41 42030
22 42 40920
22 43 10151
22 44 28978
22 45 15919
22 46 15918
22 47 29157
22 48 44228
22 49 49447
23 1 17007
23 2 39400
23 3 16654
23 4 25318
23 5 10927
23 6 27923
23 7 11688
23 8 46376
23 9 36912
23 10 49838
23 11 21754
23 12 27065
23 13 19885
23 14 33521
23 15 46745
23 16 11945
23 17 21974
23 18 37234
23 19 41306
23 20 34145
23 21 44712
23 22 22205
23 24 34214
23 25 30314
23 26 31017
23 27 37414
23 28 20444
23 29 36709
23 30 12519
23 31 17685
23 32 47872
23 33 19659
23 34 37863
23 35 33890
23 36 39478
23 37 33426
23 38 29457
23 39 12320
23 41 21096
23 42 11260
23 43 26429
23 44 25110
23 45 34683
23 46 35000
23 47 21510
23 48 46902
23 49 26033
24 1 44999
24 2 41116
24 3 20325
24 4 45857
24 5 10536
24 6 47852
24 7 23664
24 8 10887
24 9 46259
24 10 40106
24 11 24829
24 12 39341
24 13 15777
24 14 47211
24 15 24217
24 17 29738
24 18 11940
24 19 19386
24 20 32685
24 21 42233
24 22 15589
24 23 34214
24 25 19082
24 26 28347
24 27 31512
24 28 28419
24 29 25505
24 30 37988
24 31 45888
24 32 17492
24 33 11696
24 34 15232
24 35 40863
24 36 22561
24 37 48619
24 38 41100
24 39 10262
24 40 46259
24 41 25862
24 42 16291
24 43 46807
24 44 37634
24 45 25382
24 46 47014
24 47 47148
24 48 16347
24 49 33260
25 1 28635
25 2 42946
25 3 21764
25 4 16682
25 5 49651
25 6 35431
25 7 47433
25 8 11408
25 9 19878
25 10 22244
25 11 15226
25 12 34137
25 13 18978
25 14 12232
25 15 17326
25 16 45321
25 17 49926
25 18 28553
25 19 41701
25 20 20160
25 21 12371
25 22 46181
25 23 30314
25 24 19082
25 26 42914
25 27 46546
25 28 40431
25 29 18658
25 30 24871
25 31 23883
25 32 45046
25 33 26352
25 34 19375
25 35 49050
25 36 19864
25 37 35128
25 38 48959
25 39 25076
25 40 13693
25 41 13330
25 42 24534
25 43 49792
25 44 48248
25 45 23275
25 46 22971
25 47 40629
25 48 37438
25 49 32081
26 1 47692
26 2 43294
26 3 24984
26 4 40689
26 5 24251
26 6 27739
26 7 16084
26 8 22940
26 9 11706
26 10 24166
26 11 22206
26 12 33306
26 13 42937
26 14 10185
26 15 39128
26 16 48889
26 17 25912
26 18 11546
26 19 15506
26 21 40890
26 22 40450
26 23 31017
26 24 28347
26 25 42914
26 27 28471
26 28 26555
26 29 30559
26 30 12660
26 31 31733
26 32 40548
26 33 43170
26 34 36530
26 35 19604
26 36 35638
26 37 17832
26 38 47623
26 39 38855
26 40 37210
26 41 20393
26 42 22760
26 43 38879
26 44 29411
26 45 40025
26 46 17856
26 47 24587
26 48 45994
26 49 11605
27 1 32835
27 2 34869
27 3 12272
27 4 37802
27 5 23282
27 6 19431
27 7 16505
27 8 42808
27 9 31202
27 10 23372
27 11 27709
27 12 40625
27 13 44784
27 14 48518
27 15 19799
27 16 12837
27 17 22180
27 18 20423
27 19 25660
27 20 20494
27 21 20828
27 22 10481
27 23 37414
27 24 31512
27 25 46546
27 26 28471
27 28 28998
27 29 37327
27 30 20792
27 31 11659
27 32 49543
27 33 18683
27 34 28054
27 35 46510
27 36 31552
27 37 10011
27 38 11837
27 39 13865
27 40 43486
27 41 35334
27 42 18899
27 43 28338
27 44 40958
27 45 36684
27 46 46672
27 47 35320
27 48 24832
27 49 44287
28 1 44676
28 2 11700
28 3 33969
28 4 34230
28 5 11246
28 6 40787
28 7 15593
28 8 10287
28 9 28508
28 10 10467
28 11 41604
28 12 42735
28 13 45121
28 14 43320
28 15 20401
28 16 32545
28 17 41632
28 18 20228
28 19 47424
28 20 43613
28 21 14258
28 22 33458
28 23 20444
28 24 28419
28 25 40431
28 26 26555
28 27 28998
28 29 39161
28 30 39747
28 31 44555
28 32 32713
28 33 10859
28 34 17439
28 35 23552
28 36 32332
28 37 22812
28 38 31945
28 39 47936
28 40 38284
28 41 11001
28 42 30878
28 43 18063
28 44 42749
28 45 10394
28 46 11106
28 47 34200
28 48 13846
28 49 10181
29 1 11558
29 2 12215
29 3 19436
29 4 38645
29 5 48475
29 6 47587
29 8 16804
29 9 42194
29 10 34325
29 11 36740
29 12 20449
29 13 23774
29 14 20945
29 15 30561
29 16 40838
29 17 42053
29 18 25637
29 19 24743
29 20 24667
29 21 28700
29 22 20295
29 23 36709
29 24 25505
29 25 18658
29 26 30559
29 27 37327
29 28 39161
29 30 33388
29 31 44832
29 32 26817
29 33 12828
29 34 25722
29 35 40885
29 36 40891
29 37 25415
29 38 43462
29 39 22164
29 40 42776
29 41 13340
29 42 38717
29 43 34763
29 44 14867
29 45 25082
29 46 49902
29 47 32594
29 48 10136
29 49 21966
30 1 41953
30 2 17354
30 3 20663
30 5 28518
30 6 37172
30 7 11301
30 8 27077
30 9 19799
30 10 45130
30 11 11014
30 12 12392
30 13 49192
30 14 41551
30 15 12448
30 16 17886
30 17 18688
30 18 47946
30 19 24613
30 20 28782
30 21 14595
30 22 34179
30 23 12519
30 24 37988
30 25 24871
30 26 12660
30 27 20792
30 28 39747
30 29 33388
30 31 11064
30 32 20736
30 33 43588
30 34 43688
30 35 11978
30 36 37931
30 37 35859
30 38 39259
30 39 35720
30 40 34751
30 41 20163
30 42 22462
30 43 33790
30 44 40830
30 45 27932
30 46 11093
30 47 14637
30 48 21979
30 49 32874
31 1 14215
31 2 13872
31 3 15135
31 4 10956
31 5 34913
31 6 42888
31 7 17237
31 8 15960
31 9 30243
31 10 38862
31 11 26307
31 12 31493
31 13 20602
31 14 15085
31 15 44520
31 16 36214
31 17 45416
31 18 28604
31 19 39719
31 20 35783
31 21 48840
31 22 37090
31 23 17685
31 24 45888
31 25 23883
31 26 31733
31 27 11659
31 28 44555
31 29 44832
31 30 11064
31 32 43791
31 33 32410
31 34 11862
31 35 47902
31 36 38718
31 37 45785
31 38 39370
31 39 36441
31 40 27083
31 41 10216
31 42 44093
31 43 49720
31 44 22930
31 45 23820
31 46 36641
31 47 49805
31 48 33128
31 49 39320
32 1 38317
32 2 19233
32 3 35523
32 4 26466
32 5 10695
32 6 43461
32 7 34764
32 8 34336
32 9 17452
32 10 12008
32 11 21352
32 12 38434
32 13 35202
32 14 37874
32 15 27405
32 16 11232
32 17 35212
32 18 22142
32 19 41493
32 20 19106
32 21 38415
32 22 19782
32 23 47872
32 24 17492
32 25 45046
32 26 40548
32 27 49543
32 28 32713
32 29 26817
32 30 20736
32 31 43791
32 33 27979
32 34 13911
32 35 22117
32 36 43273
32 37 33290
32 38 13915
32 39 42709
32 40 49319
32 41 45243
32 42 41220
32 43 38680
32 44 11107
32 45 27445
32 46 31594
32 47 24458
32 48 28719
32 49 17135
33 1 28979
33 2 22485
33 3 27872
33 5 20954
33 6 22269
33 7 27410
33 8 40105
33 9 27255
33 10 28338
33 11 47211
33 12 49796
33 13 18948
33 14 12579
33 15 10384
33 16 49319
33 17 31493
33 18 38304
33 19 16571
33 20 25534
33 21 42285
33 22 37315
33 23 19659
33 24 11696
33 25 26352
33 26 43170
33 27 18683
33 28 10859
33 29 12828
33 30 43588
33 31 32410
33 32 27979
33 34 26159
33 35 38490
33 36 24389
33 37 21073
33 38 45738
33 40 25530
33 41 11568
33 42 13333
33 43 32263
33 44 26954
33 45 47353
33 46 38000
33 47 47919
33 48 33176
33 49 14971
34 1 38479
34 2 25641
34 3 39182
34 4 18496
34 5 42775
34 6 46848
34 7 33481
34 8 37535
34 9 47557
34 10 34624
34 11 16279
34 12 27420
34 13 19516
34 14 16646
34 15 45096
34 16 45424
34 17 13789
34 18 12590
34 19 32026
34 20 17963
34 21 20619
34 22 21480
34 23 37863
34 24 15232
34 25 19375
34 26 36530
34 27 28054
34 28 17439
34 29 25722
34 30 43688
34 31 11862
34 32 13911
34 33 26159
34 35 44210
34 36 46363
34 37 40739
34 38 41286
34 39 21261
34 40 45015
34 41 45488
34 42 28924
34 43 29105
34 44 25727
34 45 36975
34 46 28430
34 47 21714
34 48 20876
34 49 47267
35 1 44685
35 2 24288
35 3 19371
35 4 43658
35 5 43490
35 6 47790
35 7 49075
35 8 30683
35 9 28983
35 10 48217
35 11 24233
35 12 48886
35 13 31068
35 14 39072
35 15 33270
35 16 15745
35 17 33971
35 18 27530
35 19 47345
35 20 17809
35 21 36279
35 22 47410
35 23 33890
35 24 40863
35 25 49050
35 26 19604
35 27 46510
35 28 23552
35 29 40885
35 30 11978
35 31 47902
35 32 22117
35 33 38490
35 34 44210
35 36 36285
35 37 41795
35 38 38560
35 39 16216
35 40 46323
35 41 44797
35 42 29433
35 43 45167
35 44 20743
35 45 18761
35 46 36240
35 47 17731
35 48 22873
35 49 28046
36 1 45461
36 2 25159
36 3 36079
36 4 14911
36 5 29417
36 6 36081
36 7 19803
36 8 48385
36 9 18145
36 10 39359
36 11 22621
36 12 19241
36 13 21755
36 14 16432
36 15 10221
36 16 23837
36 17 48170
36 18 19825
36 19 37988
36 20 36616
36 21 16525
36 22 12783
36 23 39478
36 24 22561
36 25 19864
36 26 35638
36 27 31552
36 28 32332
36 29 40891
36 30 37931
36 31 38718
36 32 43273
36 33 24389
36 34 46363
36 35 36285
36 37 26489
36 38 39451
36 39 32562
36 40 43498
36 41 40801
36 42 14315
36 43 28523
36 44 19952
36 45 31326
36 46 26895
36 47 37073
36 48 18400
36 49 12535
37 1 17673
37 2 40453
37 3 26133
37 4 48309
37 5 37649
37 6 23643
37 7 43100
37 8 15174
37 9 37315
37 10 21198
37 11 31581
37 12 48069
37 13 31639
37 14 28474
37 15 11258
37 16 49795
37 17 26655
37 18 32837
37 19 35402
37 20 36973
37 21 37628
37 22 12370
37 23 33426
37 24 48619
37 25 35128
37 26 17832
37 27 10011
37 28 22812
37 29 25415
37 30 35859
37 31 45785
37 32 33290
37 33 21073
37 34 40739
37 35 41795
37 36 26489
37 38 42065
37 39 33877
37 40 28448
37 41 37467
37 42 12884
37 44 11918
37 45 10311
37 46 41494
37 47 30624
37 48 17198
37 49 22590
38 1 22159
38 2 49990
38 3 29457
38 4 33700
38 5 30482
38 6 23915
38 7 49345
38 8 26073
38 9 46871
38 10 46263
38 11 22916
38 12 19512
38 13 40624
38 14 46106
38 15 46952
38 16 30580
38 17 21508
38 18 21042
38 19 46878
38 20 27712
38 21 31790
38 22 39753
38 23 29457
38 24 41100
38 25 48959
38 26 47623
38 27 11837
38 28 31945
38 29 43462
38 30 39259
38 31 39370
38 32 13915
38 33 45738
38 34 41286
38 35 38560
38 36 39451
38 37 42065
38 39 32157
38 40 15163
38 41 47432
38 42 16859
38 43 23205
38 44 34093
38 45 27855
38 46 40776
38 47 16998
38 48 46704
38 49 43008
39 1 10639
39 2 32849
39 3 34848
39 4 21305
39 5 28150
39 6 44278
39 7 13677
39 8 31588
39 9 42774
39 10 32982
39 11 21591
39 13 30862
39 14 25717
39 15 11325
39 16 42026
39 17 30594
39 18 35809
39 19 34362
39 20 35925
39 21 23481
39 22 31885
39 23 12320
39 24 10262
39 25 25076
39 26 38855
39 27 13865
39 28 47936
39 29 22164
39 30 35720
39 31 36441
39 32 42709
39 34 21261
39 35 16216
39 36 32562
39 37 33877
39 38 32157
39 40 49131
39 41 38488
39 42 25237
39 43 38469
39 44 46550
39 45 25935
39 46 11741
39 47 15848
39 48 25096
39 49 44043
40 1 14190
40 2 11518
40 3 33555
40 4 33142
40 5 12713
40 6 26080
40 7 49638
40 8 26951
40 9 21212
40 10 46190
40 11 43792
40 12 43670
40 13 36533
40 14 14485
40 15 27036
40 16 35709
40 17 45333
40 18 45913
40 19 47200
40 20 33112
40 21 27000
40 22 44427
40 24 46259
40 25 13693
40 26 37210
40 27 43486
40 28 38284
40 29 42776
40 30 34751
40 31 27083
40 32 49319
40 33 25530
40 34 45015
40 35 46323
40 36 43498
40 37 28448
40 38 15163
40 39 49131
40 41 44717
40 42 25128
40 43 25176
40 44 36804
40 45 14932
40 46 25363
40 47 13710
40 48 40706
40 49 16675
41 1 46220
41 2 18238
41 3 12392
41 4 27912
41 5 47729
41 6 30664
41 7 18665
41 8 21588
41 9 41439
41 10 21533
41 11 26118
41 12 19298
41 13 23816
41 14 48031
41 15 49050
41 16 11037
41 17 46522
41 18 34188
41 19 49010
41 20 20854
41 21 21944
41 22 42030
41 23 21096
41 24 25862
41 25 13330
41 26 20393
41 27 35334
41 28 11001
41 29 13340
41 30 20163
41 31 10216
41 32 45243
41 33 11568
41 34 45488
41 35 44797
41 36 40801
41 37 37467
41 38 47432
41 39 38488
41 40 44717
41 42 22417
41 43 27439
41 44 13152
41 45 34062
41 46 30814
41 47 35956
41 48 14855
41 49 37364
42 1 41887
42 2 22743
42 3 39990
42 4 40210
42 5 20928
42 6 35389
42 7 33496
42 8 16937
42 9 37248
42 10 13791
42 11 18948
42 12 18721
42 13 12762
42 14 16670
42 15 25838
42 16 19783
42 17 33274
42 18 42338
42 19 25380
42 20 36615
42 21 43920
42 22 40920
42 23 11260
42 24 16291
42 25 24534
42 26 22760
42 27 18899
42 28 30878
42 29 38717
42 30 22462
42 31 44093
42 32 41220
42 33 13333
42 34 28924
42 35 29433
42 36 14315
42 37 12884
42 38 16859
42 39 25237
42 40 25128
42 41 22417
42 43 42704
42 44 42230
42 45 17017
42 46 12007
42 47 25607
42 48 30515
42 49 24240
43 1 32505
43 2 43264
43 3 32482
43 4 37866
43 5 22056
43 6 38452
43 7 48028
43 8 27331
43 9 22974
43 10 17552
43 11 28005
43 12 49968
43 13 15093
43 14 48450
43 15 31599
43 16 31368
43 17 29049
43 18 45712
43 19 47574
43 20 12368
43 21 23323
43 22 10151
43 23 26429
43 24 46807
43 25 49792
43 26 38879
43 27 28338
43 28 18063
43 29 34763
43 30 33790
43 31 49720
43 32 38680
43 33 32263
43 34 29105
43 35 45167
43 36 28523
43 38 23205
43 39 38469
43 40 25176
43 41 27439
43 42 42704
43 44 45015
43 45 39058
43 46 44356
43 47 37937
43 48 14026
43 49 39196
44 1 10224
44 2 42748
44 3 19116
44 4 29549
44 5 13269
44 6 46916
44 7 17718
44 8 19892
44 9 21325
44 10 41783
44 11 17414
44 12 19258
44 13 18309
44 14 28601
44 15 44067
44 16 35797
44 17 20016
44 18 31431
44 19 26823
44 20 38820
44 21 24300
44 22 28978
44 23 25110
44 24 37634
44 25 48248
44 26 29411
44 27 40958
44 28 42749
44 29 14867
44 30 40830
44 31 22930
44 32 11107
44 33 26954
44 34 25727
44 35 20743
44 36 19952
44 37 11918
44 38 34093
44 39 46550
44 40 36804
44 41 13152
44 42 42230
44 43 45015
44 45 26937
44 46 31674
44 47 27444
44 48 48237
44 49 47262
45 1 10963
45 2 11650
45 3 13461
45 4 13441
45 5 46625
45 6 31909
45 7 48788
45 8 12063
45 9 15265
45 10 15506
45 11 19386
45 12 12177
45 13 33586
45 14 38845
45 15 40456
45 16 49506
45 17 10670
45 18 32314
45 19 45916
45 20 43751
45 21 46799
45 22 15919
45 23 34683
45 24 25382
45 25 23275
45 26 40025
45 27 36684
45 28 10394
45 29 25082
45 30 27932
45 31 23820
45 32 27445
45 33 47353
45 34 36975
45 35 18761
45 36 31326
45 37 10311
45 38 27855
45 39 25935
45 40 14932
45 41 34062
45 42 17017
45 43 39058
45 44 26937
45 46 12914
45 47 35203
45 48 41550
45 49 34219
46 1 12100
46 2 47944
46 3 39995
46 4 19593
46 5 41368
46 6 28656
46 7 28139
46 8 11366
46 9 12684
46 10 25326
46 11 44311
46 12 10096
46 13 44327
46 14 49774
46 15 43282
46 16 14303
46 17 29491
46 18 37440
46 19 17459
46 20 31587
46 21 40698
46 22 15918
46 23 35000
46 24 47014
46 25 22971
46 26 17856
46 27 46672
46 28 11106
46 29 49902
46 30 11093
46 31 36641
46 32 31594
46 33 38000
46 34 28430
46 35 36240
46 36 26895
46 37 41494
46 38 40776
46 39 11741
46 40 25363
46 41 30814
46 42 12007
46 43 44356
46 44 31674
46 45 12914
46 47 23357
46 48 30532
46 49 31486
47 1 17669
47 2 25025
47 3 34338
47 4 21547
47 5 15089
47 6 36472
47 7 27714
47 8 29421
47 9 34893
47 10 32594
47 11 24362
47 12 25796
47 13 49902
47 14 10280
47 15 38171
47 16 10297
47 17 35452
47 18 18528
47 19 36427
47 20 48802
47 21 45978
47 22 29157
47 23 21510
47 24 47148
47 25 40629
47 26 24587
47 27 35320
47 28 34200
47 29 32594
47 30 14637
47 31 49805
47 32 24458
47 33 47919
47 34 21714
47 35 17731
47 36 37073
47 37 30624
47 38 16998
47 39 15848
47 40 13710
47 41 35956
47 42 25607
47 43 37937
47 44 27444
47 45 35203
47 46 23357
47 48 26013
47 49 11963
48 1 17434
48 2 49465
48 3 19936
48 4 15748
48 5 16373
48 6 32967
48 7 13262
48 8 20799
48 9 35870
48 10 47568
48 11 10677
48 12 10304
48 13 31459
48 14 17438
48 15 14701
48 16 41373
48 17 24917
48 18 23161
48 19 32230
48 20 30908
48 21 27907
48 22 44228
48 23 46902
48 24 16347
48 25 37438
48 26 45994
48 27 24832
48 28 13846
48 29 10136
48 30 21979
48 31 33128
48 32 28719
48 33 33176
48 34 20876
48 35 22873
48 36 18400
48 37 17198
48 38 46704
48 39 25096
48 40 40706
48 41 14855
48 42 30515
48 43 14026
48 44 48237
48 45 41550
48 46 30532
48 47 26013
48 49 47932
1 t 48858
2 t 29899
3 t 26504
4 t 24877
5 t 31235
6 t 42986
7 t 43612
8 t 33103
9 t 39921
10 t 41983
11 t 20630
12 t 12410
13 t 32291
14 t 19204
15 t 47728
16 t 11214
17 t 47378
18 t 41047
19 t 21850
20 t 15517
21 t 23932
22 t 49447
23 t 26033
24 t 33260
25 t 32081
26 t 11605
27 t 44287
28 t 10181
29 t 21966
30 t 32874
31 t 39320
32 t 17135
33 t 14971
34 t 47267
35 t 28046
36 t 12535
37 t 22590
38 t 43008
39 t 44043
40 t 16675
41 t 37364
42 t 24240
43 t 39196
44 t 47262
45 t 34219
46 t 31486
47 t 11963
48 t 47932
