s 1 9513
s 2 2571
s 3 7049
s 4 3717
s 5 2316
s 6 4551
s 7 3224
s 8 6732
s 10 3372
s 11 4899
s 12 3222
s 13 2066
s 14 8568
s 15 3167
s 16 9423
s 17 3370
s 18 3704
s 19 4870
s 20 6131
s 21 9143
s 22 8903
s 23 2698
s 24 5504
s 25 4943
s 26 8751
s 27 8526
s 28 9728
s 29 7566
s 30 5169
s 31 7038
s 32 8474
s 33 6457
s 34 4320
s 35 7993
s 36 9382
s 37 4600
s 38 4259
s 39 2695
s 40 6569
s 41 9626
s 42 4702
s 43 5083
s 44 3829
s 45 2898
s 46 9344
s 47 9170
s 48 2184
s 49 9837
1 2 6427
1 3 2166
1 4 6356
1 5 6068
1 6 4116
1 7 2035
1 8 3793
1 9 6540
1 10 9220
1 11 5637
1 12 9604
1 13 3756
1 14 3415
1 15 8916
1 16 9493
1 17 3368
1 18 5161
1 19 8338
1 20 9285
1 21 9031
1 22 2429
1 23 8087
1 24 5374
1 25 8404
1 26 4386
1 27 9852
1 28 4122
1 29 7420
1 30 5529
1 31 2341
1 32 5936
1 33 5677
1 34 6167
1 35 2733
1 36 4082
1 37 3736
1 38 7147
1 39 6530
1 40 3118
1 41 5483
1 42 7427
1 43 6219
1 44 7677
1 45 3126
1 46 4362
1 47 7703
1 48 2808
1 49 6213
2 1 6427
2 3 4691
2 4 7303
2 5 9564
2 6 5806
2 7 2903
2 8 3172
2 9 3698
2 11 5117
2 12 7469
2 13 5050
2 14 9356
2 15 8432
2 16 6270
2 17 4142
2 18 8715
2 19 3911
2 20 9718
2 21 4233
2 22 7300
2 23 7790
2 24 2419
2 25 8400
2 26 3716
2 27 2678
2 28 8082
2 29 2866
2 30 2221
2 31 3577
2 33 4008
2 34 9516
2 35 8718
2 36 9917
2 37 9244
2 38 3684
2 39 3583
2 40 6833
2 41 3965
2 42 7915
2 43 5815
2 44 5987
2 45 2090
2 46 5359
2 47 7129
2 48 8627
2 49 4322
3 1 2166
3 2 4691
3 4 9680
3 5 3403
3 6 4958
3 7 4697
3 8 2082
3 9 7250
3 10 7539
3 11 5705
3 12 5504
3 13 4427
3 14 3193
3 15 4657
3 16 4235
3 17 4734
3 18 5338
3 19 3792
3 20 6482
3 21 3072
3 22 6347
3 23 2700
3 24 9322
3 25 5675
3 26 8327
3 27 5565
3 28 4085
3 29 9364
3 30 7841
3 31 8900
3 32 8467
3 33 4754
3 34 8769
3 35 4075
3 36 9390
3 37 9337
3 38 3728
3 39 9216
3 40 3370
3 41 6383
3 42 3756
3 43 7717
3 44 9916
3 45 6743
3 46 5770
3 47 6911
3 48 9672
3 49 5784
4 1 6356
4 2 7303
4 3 9680
4 5 9320
4 6 3632
4 7 8651
4 8 8500
4 9 4953
4 10 8287
4 11 6452
4 12 4503
4 13 2052
4 14 9240
4 15 6869
4 16 7912
4 17 3544
4 18 6337
4 19 2314
4 20 2869
4 21 9450
4 22 4456
4 23 7524
4 24 9931
4 25 5054
4 26 9000
4 27 6886
4 28 2871
4 29 6687
4 30 9062
4 31 4052
4 32 4708
4 33 8045
4 34 3155
4 35 6509
4 36 8560
4 37 9298
4 38 6592
4 39 8426
4 40 3927
4 41 5013
4 42 2944
4 43 8034
4 44 4994
4 45 9601
4 46 6383
4 47 4691
4 48 7124
4 49 8999
5 1 6068
5 2 9564
5 3 3403
5 4 9320
5 6 8799
5 7 7961
5 8 5541
5 9 6494
5 10 4229
5 11 4820
5 12 6931
5 13 5973
5 14 4380
5 15 8513
5 16 2538
5 17 2284
5 18 9599
5 19 5104
5 20 4045
5 21 8206
5 22 3744
5 23 2079
5 24 3602
5 25 6225
5 26 8361
5 27 9851
5 28 6003
5 29 5674
5 30 6462
5 31 2724
5 32 9211
5 33 5824
5 34 9337
5 35 2055
5 36 3707
5 37 4172
5 38 2951
5 39 5440
5 40 6504
5 41 8152
5 42 6723
5 43 6834
5 44 8254
5 45 5108
5 46 6942
5 47 6672
5 48 3362
5 49 8758
6 1 4116
6 2 5806
6 3 4958
6 4 3632
6 5 8799
6 7 9768
6 8 2641
6 9 9880
6 10 7526
6 11 6966
6 12 2238
6 13 6185
6 14 8587
6 15 6402
6 16 2277
6 17 8837
6 18 9821
6 19 4986
6 20 2557
6 21 9543
6 22 3213
6 23 6364
6 24 2420
6 25 9422
6 26 9595
6 27 2541
6 28 2188
6 29 5253
6 30 9395
6 31 2594
6 32 9410
6 33 2546
6 34 6475
6 35 8956
6 36 3461
6 37 7666
6 38 6586
6 39 8701
6 40 4505
6 41 7231
6 42 4352
6 43 4017
6 44 8691
6 45 5532
6 46 6696
6 47 6136
6 48 2269
6 49 7721
7 1 2035
7 2 2903
7 3 4697
7 4 8651
7 5 7961
7 6 9768
7 8 8454
7 9 4413
7 10 6220
7 11 9963
7 12 3013
7 13 3366
7 14 3260
7 15 5883
7 16 8512
7 17 5818
7 18 8724
7 19 9998
7 20 6630
7 21 2640
7 22 6698
7 23 9897
7 24 5065
7 25 2268
7 26 6709
7 27 4450
7 28 3366
7 29 5616
7 30 9667
7 31 4405
7 32 8596
7 33 4483
7 34 9645
7 35 7502
7 36 2706
7 37 4934
7 38 9408
7 39 3050
7 40 2422
7 41 3797
7 42 2255
7 43 4463
7 44 7890
7 45 7032
7 46 9132
7 47 9549
7 48 7605
7 49 5780
8 1 3793
8 2 3172
8 3 2082
8 4 8500
8 5 5541
8 6 2641
8 7 8454
8 9 2407
8 10 7790
8 11 5369
8 12 9811
8 13 3382
8 14 5472
8 15 2693
8 16 5247
8 17 4518
8 18 3439
8 19 6760
8 20 5204
8 21 3930
8 22 7140
8 23 7803
8 24 8602
8 25 4626
8 26 6744
8 27 2383
8 28 2895
8 29 5596
8 30 3247
8 31 7979
8 32 6395
8 33 4394
8 34 6509
8 35 4877
8 36 3994
8 37 2425
8 38 2280
8 39 6328
8 40 9592
8 41 8725
8 42 7271
8 43 2060
8 44 4015
8 45 5975
8 46 5518
8 47 9099
8 48 6194
8 49 5491
9 1 6540
9 2 3698
9 3 7250
9 4 4953
9 5 6494
9 6 9880
9 7 4413
9 8 2407
9 10 5764
9 11 5777
9 12 6359
9 13 8629
9 14 5839
9 15 3989
9 16 2593
9 17 3605
9 18 2236
9 19 3849
9 20 9235
9 21 6977
9 22 4859
9 23 7907
9 24 2203
9 25 3794
9 26 2928
9 27 5353
9 28 6126
9 29 6394
9 30 9084
9 31 4122
9 32 2763
9 33 2649
9 34 5565
9 35 5378
9 36 2111
9 37 3528
9 38 6337
9 39 9308
9 40 3571
9 41 4195
9 42 7341
9 43 9147
9 44 8334
9 45 2896
9 46 5102
9 47 6288
9 48 3260
9 49 9555
10 1 9220
10 3 7539
10 4 8287
10 5 4229
10 6 7526
10 7 6220
10 8 7790
10 9 5764
10 11 8391
10 12 8621
10 13 3151
10 14 4625
10 15 7432
10 16 4218
10 17 4148
10 18 2909
10 19 2878
10 20 8509
10 21 4883
10 22 6842
10 23 2922
10 24 4701
10 25 7017
10 26 4046
10 27 5298
10 28 9919
10 29 9944
10 30 3194
10 31 3829
10 32 9531
10 33 9656
10 34 2797
10 35 6656
10 36 5533
10 37 3275
10 38 3679
10 39 4613
10 40 9369
10 41 6119
10 42 7782
10 43 7505
10 44 8347
10 45 3074
10 46 8120
10 47 8289
10 48 2688
10 49 3524
11 1 5637
11 2 5117
11 3 5705
11 4 6452
11 5 4820
11 6 6966
11 7 9963
11 8 5369
11 9 5777
11 10 8391
11 12 7030
11 13 8691
11 14 4924
11 15 7031
11 16 7605
11 17 3202
11 18 9463
11 19 4431
11 20 9625
11 21 4067
11 22 2871
11 23 7593
11 24 2214
11 25 8050
11 26 2535
11 27 8796
11 28 5941
11 29 6762
11 30 8601
11 31 6697
11 32 4079
11 33 4513
11 34 4958
11 35 3614
11 36 6469
11 37 9488
11 38 9081
11 39 6905
11 40 2350
11 41 4598
11 42 4451
11 43 6560
11 44 4172
11 45 9794
11 46 2065
11 47 7656
11 48 7935
11 49 4356
12 1 9604
12 2 7469
12 3 5504
12 4 4503
12 5 6931
12 6 2238
12 7 3013
12 8 9811
12 9 6359
12 10 8621
12 11 7030
12 13 9778
12 14 2513
12 15 9185
12 16 5208
12 17 5825
12 18 8869
12 19 7968
12 20 2319
12 21 8072
12 22 7103
12 23 8548
12 24 4618
12 25 7648
12 26 2786
12 27 8454
12 28 2426
12 29 4050
12 30 5298
12 31 7001
12 32 8998
12 33 8002
12 34 4867
12 35 3729
12 36 5085
12 37 6439
12 38 2011
12 39 8439
12 40 6286
12 41 5665
12 42 6058
12 43 2420
12 44 7070
12 45 4329
12 46 4050
12 47 5956
12 48 8559
12 49 2058
13 1 3756
13 2 5050
13 3 4427
13 4 2052
13 5 5973
13 6 6185
13 7 3366
13 8 3382
13 9 8629
13 10 3151
13 11 8691
13 12 9778
13 14 8058
13 15 8481
13 16 3327
13 17 6521
13 18 2183
13 19 8634
13 20 6952
13 21 3362
13 22 5692
13 23 8569
13 24 5471
13 25 2535
13 26 4909
13 27 4214
13 28 3821
13 29 4953
13 30 2373
13 31 7141
13 32 4810
13 33 8113
13 34 8373
13 35 9925
13 36 8337
13 37 7311
13 38 7688
13 39 6834
13 40 3843
13 41 3866
13 42 5872
13 43 3661
13 44 6514
13 45 6456
13 46 4674
13 47 6246
13 48 7819
13 49 6607
14 1 3415
14 2 9356
14 3 3193
14 4 9240
14 5 4380
14 6 8587
14 7 3260
14 8 5472
14 9 5839
14 10 4625
14 11 4924
14 12 2513
14 13 8058
14 15 8380
14 16 2486
14 17 2205
14 18 5618
14 19 9383
14 20 7758
14 21 8406
14 22 2508
14 23 5115
14 24 9723
14 25 8170
14 26 8403
14 27 4710
14 28 3019
14 29 9291
14 30 9829
14 31 4107
14 32 9377
14 33 6225
14 35 9495
14 36 3246
14 37 7263
14 38 9530
14 39 7917
14 40 8228
14 41 9303
14 42 5190
14 43 8156
14 44 2964
14 45 6007
14 46 9052
14 47 4767
14 48 8173
14 49 8979
15 1 8916
15 2 8432
15 3 4657
15 4 6869
15 5 8513
15 6 6402
15 7 5883
15 8 2693
15 9 3989
15 10 7432
15 11 7031
15 12 9185
15 13 8481
15 14 8380
15 16 4689
15 17 5475
15 18 4685
15 19 9259
15 20 2970
15 21 8643
15 22 2375
15 23 6466
15 24 6473
15 25 2528
15 26 6216
15 27 5982
15 28 9955
15 29 9501
15 30 7400
15 31 3452
15 32 3255
15 33 4983
15 34 9045
15 35 6798
15 36 5302
15 37 4709
15 38 3461
15 39 6100
15 40 7248
15 41 3877
15 42 9387
15 43 3083
15 44 5572
15 45 8395
15 46 4396
15 47 4327
15 48 3218
15 49 8140
16 1 9493
16 2 6270
16 3 4235
16 4 7912
16 5 2538
16 6 2277
16 7 8512
16 8 5247
16 9 2593
16 10 4218
16 11 7605
16 12 5208
16 13 3327
16 14 2486
16 15 4689
16 17 2784
16 18 2857
16 19 4230
16 20 5158
16 21 3821
16 22 2280
16 23 9384
16 25 6176
16 26 6849
16 27 9619
16 28 9277
16 29 4149
16 30 4030
16 31 5928
16 32 6022
16 33 4534
16 34 6053
16 35 3292
16 36 7370
16 37 5084
16 38 4578
16 39 9207
16 40 5079
16 41 4585
16 42 9189
16 43 7566
16 44 5075
16 45 3636
16 46 8547
16 47 4105
16 48 5229
16 49 4367
17 1 3368
17 2 4142
17 3 4734
17 4 3544
17 5 2284
17 6 8837
17 7 5818
17 8 4518
17 9 3605
17 10 4148
17 11 3202
17 12 5825
17 13 6521
17 14 2205
17 15 5475
17 16 2784
17 18 3091
17 19 2689
17 20 9689
17 21 8450
17 22 3066
17 23 6993
17 24 3186
17 25 3457
17 26 3271
17 27 7761
17 28 7358
17 29 9570
17 30 2026
17 31 6057
17 32 9818
17 33 8890
17 34 7847
17 35 2150
17 36 8800
17 37 3293
17 38 7056
17 39 6922
17 40 3611
17 41 9527
17 42 6232
17 43 3867
17 44 5120
17 45 5934
17 46 6816
17 47 8416
17 48 7501
17 49 6389
18 1 5161
18 2 8715
18 3 5338
18 4 6337
18 5 9599
18 6 9821
18 7 8724
18 8 3439
18 9 2236
18 10 2909
18 11 9463
18 12 8869
18 13 2183
18 14 5618
18 15 4685
18 16 2857
18 17 3091
18 19 7310
18 20 2346
18 21 6830
18 22 2672
18 23 8725
18 24 9229
18 25 4639
18 26 6051
18 27 4564
18 28 4258
18 29 8869
18 30 9633
18 31 7842
18 32 2205
18 33 8139
18 34 8671
18 35 5956
18 36 8581
18 37 4133
18 38 3895
18 39 8317
18 40 2900
18 41 5849
18 42 3360
18 43 4690
18 44 2982
18 45 3411
18 47 9343
18 48 3185
18 49 6264
19 1 8338
19 2 3911
19 3 3792
19 4 2314
19 5 5104
19 6 4986
19 7 9998
19 8 6760
19 9 3849
19 10 2878
19 11 4431
19 12 7968
19 13 8634
19 14 9383
19 15 9259
19 16 4230
19 17 2689
19 18 7310
19 20 7612
19 21 9963
19 22 5654
19 23 2025
19 24 2354
19 25 8737
19 26 9618
19 27 3920
19 28 8508
19 29 6056
19 30 5134
19 31 4034
19 32 2138
19 33 5494
19 34 9037
19 35 2981
19 36 4025
19 37 5431
19 38 6710
19 39 4648
19 40 5688
19 41 5057
19 42 7600
19 43 9681
19 44 2007
19 45 2977
19 46 3346
19 47 3143
19 48 9218
19 49 5579
20 1 9285
20 2 9718
20 3 6482
20 4 2869
20 5 4045
20 6 2557
20 7 6630
20 8 5204
20 9 9235
20 10 8509
20 11 9625
20 12 2319
20 13 6952
20 14 7758
20 15 2970
20 16 5158
20 17 9689
20 18 2346
20 19 7612
20 21 6034
20 22 6919
20 23 6711
20 24 5632
20 25 5116
20 26 7327
20 27 8558
20 28 9677
20 29 3474
20 30 2619
20 31 6176
20 32 2571
20 33 2334
20 34 9584
20 35 4967
20 36 6581
20 37 3910
20 38 7445
20 39 5124
20 40 9116
20 41 6548
20 42 2178
20 43 3487
20 44 2243
20 45 8933
20 46 6144
20 47 4216
20 48 5564
20 49 7599
21 1 9031
21 2 4233
21 3 3072
21 4 9450
21 5 8206
21 6 9543
21 7 2640
21 8 3930
21 9 6977
21 10 4883
21 11 4067
21 12 8072
21 13 3362
21 14 8406
21 15 8643
21 16 3821
21 17 8450
21 18 6830
21 19 9963
21 20 6034
21 22 5170
21 23 8491
21 24 4727
21 25 6388
21 26 7910
21 27 6487
21 28 7046
21 29 3730
21 30 5773
21 31 9220
21 32 2470
21 33 3157
21 34 9545
21 35 7191
21 36 4694
21 37 3585
21 38 4275
21 39 3179
21 40 6549
21 41 4699
21 42 3827
21 43 3804
21 44 8455
21 45 6345
21 46 8954
21 47 5600
21 48 3320
21 49 2428
22 1 2429
22 2 7300
22 3 6347
22 4 4456
22 5 3744
22 6 3213
22 7 6698
22 8 7140
22 9 4859
22 10 6842
22 11 2871
22 12 7103
22 13 5692
22 14 2508
22 15 2375
22 16 2280
22 17 3066
22 18 2672
22 19 5654
22 20 6919
22 21 5170
22 23 7414
22 24 7393
22 25 9165
22 26 9113
22 27 4279
22 28 7501
22 29 9546
22 30 3518
22 31 3037
22 32 7817
22 33 2973
22 34 4930
22 35 6470
22 36 8868
22 37 6072
22 38 2016
22 39 9634
22 40 3352
22 41 3673
22 42 8583
22 43 2215
22 44 3059
22 45 6395
22 46 8678
22 47 6940
22 48 5466
22 49 7508
23 1 8087
23 2 7790
23 3 2700
23 4 7524
23 5 2079
23 6 6364
23 7 9897
23 8 7803
23 9 7907
23 10 2922
23 11 7593
23 12 8548
23 13 8569
23 14 5115
23 15 6466
23 16 9384
23 17 6993
23 18 8725
23 19 2025
23 20 6711
23 21 8491
23 22 7414
23 24 2491
23 25 5219
23 26 3443
23 27 3373
23 28 2872
23 29 2681
23 30 5920
23 31 5411
23 32 5786
23 33 6018
23 34 2273
23 35 5956
23 36 3971
23 37 9488
23 38 5940
23 39 2636
23 40 6619
23 41 7042
23 42 6771
23 43 5140
23 44 4387
23 45 6127
23 46 10000
23 47 6890
23 48 7959
23 49 3260
24 1 5374
24 2 2419
24 3 9322
24 4 9931
24 5 3602
24 6 2420
24 7 5065
24 8 8602
24 9 2203
24 10 4701
24 11 2214
24 12 4618
24 13 5471
24 14 9723
24 15 6473
24 17 3186
24 18 9229
24 19 2354
24 20 5632
24 21 4727
24 22 7393
24 23 2491
24 25 2511
24 26 6883
24 27 6630
24 28 9615
24 29 7651
24 30 4773
24 31 8105
24 32 6052
24 33 3884
24 34 7353
24 35 6566
24 36 5605
24 37 5513
24 38 2626
24 39 8875
24 40 6510
24 41 7677
24 42 2940
24 43 2013
24 44 7675
24 45 3956
24 46 5978
24 47 7420
24 48 9812
24 49 5388
25 1 8404
25 2 8400
25 3 5675
25 4 5054
25 5 6225
25 6 9422
25 7 2268
25 8 4626
25 9 3794
25 10 7017
25 11 8050
25 12 7648
25 13 2535
25 14 8170
25 15 2528
25 16 6176
25 17 3457
25 18 4639
25 19 8737
25 20 5116
25 21 6388
25 22 9165
25 23 5219
25 24 2511
25 26 7620
25 27 3531
25 28 2069
25 29 2278
25 30 4450
25 31 9926
25 32 5733
25 33 4397
25 34 2968
25 35 9571
25 37 8399
25 38 4436
25 39 2638
25 40 5932
25 41 4697
25 42 2034
25 43 2089
25 44 7445
25 45 7530
25 46 3536
25 47 3772
25 48 5812
25 49 3986
26 1 4386
26 2 3716
26 3 8327
26 4 9000
26 5 8361
26 6 9595
26 7 6709
26 8 6744
26 9 2928
26 10 4046
26 11 2535
26 12 2786
26 13 4909
26 14 8403
26 15 6216
26 16 6849
26 17 3271
26 18 6051
26 19 9618
26 20 7327
26 21 7910
26 22 9113
26 23 3443
26 24 6883
26 25 7620
26 27 8236
26 28 3240
26 30 3443
26 31 4444
26 32 4341
26 33 4820
26 34 8003
26 35 3562
26 36 3127
26 37 4354
26 38 6144
26 39 5585
26 40 4869
26 41 8217
26 42 4201
26 43 9001
26 44 8648
26 45 8684
26 46 2022
26 47 6712
26 48 5185
26 49 8241
27 1 9852
27 2 2678
27 3 5565
27 4 6886
27 5 9851
27 6 2541
27 7 4450
27 8 2383
27 9 5353
27 10 5298
27 11 8796
27 12 8454
27 13 4214
27 14 4710
27 15 5982
27 16 9619
27 17 7761
27 18 4564
27 19 3920
27 20 8558
27 21 6487
27 22 4279
27 23 3373
27 24 6630
27 25 3531
27 26 8236
27 28 9030
27 29 6778
27 30 7447
27 31 6991
27 32 5103
27 33 5115
27 34 8632
27 35 2975
27 36 9819
27 37 5106
27 38 4471
27 39 8646
27 40 7306
27 41 4374
27 42 8838
27 43 8834
27 44 4393
27 45 3387
27 46 2703
27 47 5579
27 48 5759
27 49 7694
28 1 4122
28 2 8082
28 3 4085
28 4 2871
28 5 6003
28 6 2188
28 7 3366
28 8 2895
28 9 6126
28 10 9919
28 11 5941
28 12 2426
28 13 3821
28 14 3019
28 15 9955
28 16 9277
28 17 7358
28 18 4258
28 19 8508
28 20 9677
28 21 7046
28 22 7501
28 23 2872
28 24 9615
28 25 2069
28 26 3240
28 27 9030
28 29 5626
28 30 7411
28 31 5679
28 32 4602
28 33 9412
28 34 3734
28 35 8898
28 36 9350
28 37 8776
28 38 6318
28 39 2454
28 40 7246
28 41 4182
28 42 4438
28 43 8689
28 44 5386
28 45 2946
28 46 2918
28 47 4372
28 48 4840
28 49 3539
29 1 7420
29 2 2866
29 3 9364
29 4 6687
29 5 5674
29 6 5253
29 7 5616
29 8 5596
29 9 6394
29 10 9944
29 11 6762
29 12 4050
29 13 4953
29 14 9291
29 15 9501
29 16 4149
29 17 9570
29 18 8869
29 19 6056
29 20 3474
29 21 3730
29 22 9546
29 23 2681
29 24 7651
29 25 2278
29 27 6778
29 28 5626
29 30 5888
29 31 3683
29 32 2416
29 33 7809
29 34 8705
29 35 8186
29 36 9855
29 37 4131
29 38 3696
29 39 8645
29 40 2425
29 41 3515
29 42 4073
29 43 7069
29 44 6102
29 45 9802
29 46 8938
29 47 9196
29 48 6195
29 49 8178
30 1 5529
30 2 2221
30 3 7841
30 4 9062
30 5 6462
30 6 9395
30 7 9667
30 8 3247
30 9 9084
30 10 3194
30 11 8601
30 12 5298
30 13 2373
30 14 9829
30 15 7400
30 16 4030
30 17 2026
30 18 9633
30 19 5134
30 20 2619
30 21 5773
30 22 3518
30 23 5920
30 24 4773
30 25 4450
30 26 3443
30 27 7447
30 28 7411
30 29 5888
30 31 6886
30 32 4516
30 33 3221
30 34 4137
30 35 8801
30 36 2230
30 37 6537
30 38 2903
30 39 8768
30 40 8788
30 41 8402
30 42 4610
30 43 4872
30 44 9619
30 45 7553
30 46 5020
30 47 4951
30 48 9029
30 49 4714
31 1 2341
31 2 3577
31 3 8900
31 4 4052
31 5 2724
31 6 2594
31 7 4405
31 8 7979
31 9 4122
31 10 3829
31 11 6697
31 12 7001
31 13 7141
31 14 4107
31 15 3452
31 16 5928
31 17 6057
31 18 7842
31 19 4034
31 20 6176
31 21 9220
31 22 3037
31 23 5411
31 24 8105
31 25 9926
31 26 4444
31 27 6991
31 28 5679
31 29 3683
31 30 6886
31 32 6528
31 33 2498
31 34 5710
31 35 9666
31 36 3221
31 37 2765
31 38 3511
31 39 7631
31 40 6937
31 41 7166
31 42 5121
31 43 8235
31 44 8389
31 45 3829
31 46 6171
31 47 6108
31 48 4709
31 49 9276
32 1 5936
32 3 8467
32 4 4708
32 5 9211
32 6 9410
32 7 8596
32 8 6395
32 9 2763
32 10 9531
32 11 4079
32 12 8998
32 13 4810
32 14 9377
32 15 3255
32 16 6022
32 17 9818
32 18 2205
32 19 2138
32 20 2571
32 21 2470
32 22 7817
32 23 5786
32 24 6052
32 25 5733
32 26 4341
32 27 5103
32 28 4602
32 29 2416
32 30 4516
32 31 6528
32 33 9956
32 34 3562
32 35 2768
32 36 9259
32 37 9275
32 38 5770
32 39 7652
32 40 5613
32 41 2056
32 42 4882
32 43 9427
32 44 9945
32 45 3163
32 46 7622
32 47 2278
32 48 5361
32 49 5278
33 1 5677
33 2 4008
33 3 4754
33 4 8045
33 5 5824
33 6 2546
33 7 4483
33 8 4394
33 9 2649
33 10 9656
33 11 4513
33 12 8002
33 13 8113
33 14 6225
33 15 4983
33 16 4534
33 17 8890
33 18 8139
33 19 5494
33 20 2334
33 21 3157
33 22 2973
33 23 6018
33 24 3884
33 25 4397
33 26 4820
33 27 5115
33 28 9412
33 29 7809
33 30 3221
33 31 2498
33 32 9956
33 34 4549
33 35 8008
33 36 5945
33 37 5310
33 38 6271
33 39 4682
33 40 2636
33 41 8836
33 42 3882
33 43 8895
33 44 8827
33 45 4670
33 46 2767
33 47 3720
33 48 2880
33 49 8798
34 1 6167
34 2 9516
34 3 8769
34 4 3155
34 5 9337
34 6 6475
34 7 9645
34 8 6509
34 9 5565
34 10 2797
34 11 4958
34 12 4867
34 13 8373
34 15 9045
34 16 6053
34 17 7847
34 18 8671
34 19 9037
34 20 9584
34 21 9545
34 22 4930
34 23 2273
34 24 7353
34 25 2968
34 26 8003
34 27 8632
34 28 3734
34 29 8705
34 30 4137
34 31 5710
34 32 3562
34 33 4549
34 35 8468
34 36 7024
34 37 8064
34 38 9919
34 39 2167
34 40 7176
34 41 7588
34 42 2341
34 43 6770
34 44 9436
34 45 2318
34 46 7056
34 47 7417
34 48 8409
34 49 4607
35 1 2733
35 2 8718
35 3 4075
35 4 6509
35 5 2055
35 6 8956
35 7 7502
35 8 4877
35 9 5378
35 10 6656
35 11 3614
35 12 3729
35 13 9925
35 14 9495
35 15 6798
35 16 3292
35 17 2150
35 18 5956
35 19 2981
35 20 4967
35 21 7191
35 22 6470
35 23 5956
35 24 6566
35 25 9571
35 26 3562
35 27 2975
35 28 8898
35 29 8186
35 30 8801
35 31 9666
35 32 2768
35 33 8008
35 34 8468
35 36 6500
35 37 2646
35 38 8752
35 39 3829
35 40 6143
35 41 6137
35 42 8491
35 43 2631
35 44 4156
35 45 3792
35 46 5147
35 47 6826
35 48 7353
35 49 9554
36 1 4082
36 2 9917
36 3 9390
36 4 8560
36 5 3707
36 6 3461
36 7 2706
36 8 3994
36 9 2111
36 10 5533
36 11 6469
36 12 5085
36 13 8337
36 14 3246
36 15 5302
36 16 7370
36 17 8800
36 18 8581
36 19 4025
36 20 6581
36 21 4694
36 22 8868
36 23 3971
36 24 5605
36 26 3127
36 27 9819
36 28 9350
36 29 9855
36 30 2230
36 31 3221
36 32 9259
36 33 5945
36 34 7024
36 35 6500
36 37 6780
36 38 3821
36 39 2466
36 40 7920
36 41 3733
36 43 6957
36 44 7259
36 45 4412
36 46 4938
36 47 4265
36 48 8019
36 49 2293
37 1 3736
37 2 9244
37 3 9337
37 4 9298
37 5 4172
37 6 7666
37 7 4934
37 8 2425
37 9 3528
37 10 3275
37 11 9488
37 12 6439
37 13 7311
37 14 7263
37 15 4709
37 16 5084
37 17 3293
37 18 4133
37 19 5431
37 20 3910
37 21 3585
37 22 6072
37 23 9488
37 24 5513
37 25 8399
37 26 4354
37 27 5106
37 28 8776
37 29 4131
37 30 6537
37 31 2765
37 32 9275
37 33 5310
37 34 8064
37 35 2646
37 36 6780
37 38 5504
37 39 7225
37 40 7457
37 41 3098
37 42 3848
37 43 9037
37 44 3912
37 45 6032
37 46 8412
37 47 2129
37 48 4479
37 49 3524
38 1 7147
38 2 3684
38 3 3728
38 4 6592
38 5 2951
38 6 6586
38 7 9408
38 8 2280
38 9 6337
38 10 3679
38 11 9081
38 12 2011
38 13 7688
38 14 9530
38 15 3461
38 16 4578
38 17 7056
38 18 3895
38 19 6710
38 20 7445
38 21 4275
38 22 2016
38 23 5940
38 24 2626
38 25 4436
38 26 6144
38 27 4471
38 28 6318
38 29 3696
38 30 2903
38 31 3511
38 32 5770
38 33 6271
38 34 9919
38 35 8752
38 36 3821
38 37 5504
38 39 2497
38 40 2406
38 41 8153
38 42 5507
38 43 9134
38 44 4133
38 45 6197
38 46 4279
38 47 5609
38 48 4857
38 49 2800
39 1 6530
39 2 3583
39 3 9216
39 4 8426
39 5 5440
39 6 8701
39 7 3050
39 8 6328
39 9 9308
39 10 4613
39 11 6905
39 12 8439
39 13 6834
39 14 7917
39 15 6100
39 16 9207
39 17 6922
39 18 8317
39 19 4648
39 20 5124
39 21 3179
39 22 9634
39 23 2636
39 24 8875
39 25 2638
39 26 5585
39 27 8646
39 28 2454
39 29 8645
39 30 8768
39 31 7631
39 32 7652
39 33 4682
39 34 2167
39 35 3829
39 36 2466
39 37 7225
39 38 2497
39 40 6002
39 41 3795
39 42 6247
39 44 8982
39 45 7300
39 46 8382
39 47 8631
39 48 6986
39 49 6703
40 1 3118
40 2 6833
40 3 3370
40 4 3927
40 5 6504
40 6 4505
40 7 2422
40 8 9592
40 9 3571
40 10 9369
40 11 2350
40 12 6286
40 13 3843
40 14 8228
40 15 7248
40 16 5079
40 17 3611
40 18 2900
40 19 5688
40 20 9116
40 21 6549
40 22 3352
40 23 6619
40 24 6510
40 25 5932
40 26 4869
40 27 7306
40 28 7246
40 29 2425
40 30 8788
40 31 6937
40 32 5613
40 33 2636
40 34 7176
40 35 6143
40 36 7920
40 37 7457
40 38 2406
40 39 6002
40 41 6341
40 42 5808
40 43 9823
40 44 6954
40 45 9837
40 46 9066
40 47 4345
40 48 4454
40 49 9306
41 1 5483
41 2 3965
41 3 6383
41 4 5013
41 5 8152
41 6 7231
41 7 3797
41 8 8725
41 9 4195
41 10 6119
41 11 4598
41 12 5665
41 13 3866
41 14 9303
41 15 3877
41 16 4585
41 17 9527
41 18 5849
41 19 5057
41 20 6548
41 21 4699
41 22 3673
41 23 7042
41 24 7677
41 25 4697
41 26 8217
41 27 4374
41 28 4182
41 29 3515
41 30 8402
41 31 7166
41 32 2056
41 33 8836
41 34 7588
41 35 6137
41 36 3733
41 37 3098
41 38 8153
41 39 3795
41 40 6341
41 42 7743
41 43 8056
41 44 7771
41 45 7577
41 46 3720
41 47 7453
41 48 7344
41 49 5646
42 1 7427
42 2 7915
42 3 3756
42 4 2944
42 5 6723
42 6 4352
42 7 2255
42 8 7271
42 9 7341
42 10 7782
42 11 4451
42 12 6058
42 13 5872
42 14 5190
42 15 9387
42 16 9189
42 17 6232
42 18 3360
42 19 7600
42 20 2178
42 21 3827
42 22 8583
42 23 6771
42 24 2940
42 25 2034
42 26 4201
42 27 8838
42 28 4438
42 29 4073
42 30 4610
42 31 5121
42 32 4882
42 33 3882
42 34 2341
42 35 8491
42 37 3848
42 38 5507
42 39 6247
42 40 5808
42 41 7743
42 43 4116
42 44 4144
42 45 4907
42 46 2147
42 47 6422
42 48 8855
42 49 6687
43 1 6219
43 2 5815
43 3 7717
43 4 8034
43 5 6834
43 6 4017
43 7 4463
43 8 2060
43 9 9147
43 10 7505
43 11 6560
43 12 2420
43 13 3661
43 14 8156
43 15 3083
43 16 7566
43 17 3867
43 18 4690
43 19 9681
43 20 3487
43 21 3804
43 22 2215
43 23 5140
43 24 2013
43 25 2089
43 26 9001
43 27 8834
43 28 8689
43 29 7069
43 30 4872
43 31 8235
43 32 9427
43 33 8895
43 34 6770
43 35 2631
43 36 6957
43 37 9037
43 38 9134
43 40 9823
43 41 8056
43 42 4116
43 44 9738
43 45 7800
43 46 2222
43 47 5291
43 48 6418
43 49 6862
44 1 7677
44 2 5987
44 3 9916
44 4 4994
44 5 8254
44 6 8691
44 7 7890
44 8 4015
44 9 8334
44 10 8347
44 11 4172
44 12 7070
44 13 6514
44 14 2964
44 15 5572
44 16 5075
44 17 5120
44 18 2982
44 19 2007
44 20 2243
44 21 8455
44 22 3059
44 23 4387
44 24 7675
44 25 7445
44 26 8648
44 27 4393
44 28 5386
44 29 6102
44 30 9619
44 31 8389
44 32 9945
44 33 8827
44 34 9436
44 35 4156
44 36 7259
44 37 3912
44 38 4133
44 39 8982
44 40 6954
44 41 7771
44 42 4144
44 43 9738
44 45 2926
44 46 2248
44 47 8539
44 48 7239
44 49 4084
45 1 3126
45 2 2090
45 3 6743
45 4 9601
45 5 5108
45 6 5532
45 7 7032
45 8 5975
45 9 2896
45 10 3074
45 11 9794
45 12 4329
45 13 6456
45 14 6007
45 15 8395
45 16 3636
45 17 5934
45 18 3411
45 19 2977
45 20 8933
45 21 6345
45 22 6395
45 23 6127
45 24 3956
45 25 7530
45 26 8684
45 27 3387
45 28 2946
45 29 9802
45 30 7553
45 31 3829
45 32 3163
45 33 4670
45 34 2318
45 35 3792
45 36 4412
45 37 6032
45 38 6197
45 39 7300
45 40 9837
45 41 7577
45 42 4907
45 43 7800
45 44 2926
45 46 6025
45 47 9448
45 48 2219
45 49 9324
46 1 4362
46 2 5359
46 3 5770
46 4 6383
46 5 6942
46 6 6696
46 7 9132
46 8 5518
46 9 5102
46 10 8120
46 11 2065
46 12 4050
46 13 4674
46 14 9052
46 15 4396
46 16 8547
46 17 6816
46 19 3346
46 20 6144
46 21 8954
46 22 8678
46 23 10000
46 24 5978
46 25 3536
46 26 2022
46 27 2703
46 28 2918
46 29 8938
46 30 5020
46 31 6171
46 32 7622
46 33 2767
46 34 7056
46 35 5147
46 36 4938
46 37 8412
46 38 4279
46 39 8382
46 40 9066
46 41 3720
46 42 2147
46 43 2222
46 44 2248
46 45 6025
46 47 7134
46 48 2740
46 49 6395
47 1 7703
47 2 7129
47 3 6911
47 4 4691
47 5 6672
47 6 6136
47 7 9549
47 8 9099
47 9 6288
47 10 8289
47 11 7656
47 12 5956
47 13 6246
47 14 4767
47 15 4327
47 16 4105
47 17 8416
47 18 9343
47 19 3143
47 20 4216
47 21 5600
47 22 6940
47 23 6890
47 24 7420
47 25 3772
47 26 6712
47 27 5579
47 28 4372
47 29 9196
47 30 4951
47 31 6108
47 32 2278
47 33 3720
47 34 7417
47 35 6826
47 36 4265
47 37 2129
47 38 5609
47 39 8631
47 40 4345
47 41 7453
47 42 6422
47 43 5291
47 44 8539
47 45 9448
47 46 7134
47 48 5384
47 49 4616
48 1 2808
48 2 8627
48 3 9672
48 4 7124
48 5 3362
48 6 2269
48 7 7605
48 8 6194
48 9 3260
48 10 2688
48 11 7935
48 12 8559
48 13 7819
48 14 8173
48 15 3218
48 16 5229
48 17 7501
48 18 3185
48 19 9218
48 20 5564
48 21 3320
48 22 5466
48 23 7959
48 24 9812
48 25 5812
48 26 5185
48 27 5759
48 28 4840
48 29 6195
48 30 9029
48 31 4709
48 32 5361
48 33 2880
48 34 8409
48 35 7353
48 36 8019
48 37 4479
48 38 4857
48 39 6986
48 40 4454
48 41 7344
48 42 8855
48 43 6418
48 44 7239
48 45 2219
48 46 2740
48 47 5384
48 49 7874
1 t 6213
2 t 4322
3 t 5784
4 t 8999
5 t 8758
6 t 7721
7 t 5780
8 t 5491
9 t 9555
10 t 3524
11 t 4356
12 t 2058
13 t 6607
14 t 8979
15 t 8140
16 t 4367
17 t 6389
18 t 6264
19 t 5579
20 t 7599
21 t 2428
22 t 7508
23 t 3260
24 t 5388
25 t 3986
26 t 8241
27 t 7694
28 t 3539
29 t 8178
30 t 4714
31 t 9276
32 t 5278
33 t 8798
34 t 4607
35 t 9554
36 t 2293
37 t 3524
38 t 2800
39 t 6703
40 t 9306
41 t 5646
42 t 6687
43 t 6862
44 t 4084
45 t 9324
46 t 6395
47 t 4616
48 t 7874
