s 1 9443
s 2 4063
s 3 7740
s 4 8514
s 5 8885
s 6 3075
s 7 1921
s 8 9513
s 9 1837
s 10 6732
s 11 6583
s 12 158
s 13 3352
s 14 5556
s 15 7012
s 16 6238
s 17 4135
s 18 5996
s 19 9999
s 20 6298
s 21 226
s 22 9472
s 23 8529
s 24 5069
s 25 9528
s 26 8276
s 27 4885
s 28 9194
s 29 4225
s 30 4652
s 31 9078
s 32 5764
s 33 297
s 34 671
s 35 9146
s 36 3147
s 37 5884
s 38 7220
s 39 2611
s 40 6597
s 41 1304
s 42 8807
s 43 7501
s 44 4849
s 45 1577
s 46 2196
s 47 7110
s 48 5515
s 49 7513
1 2 2478
1 3 5293
1 4 8399
1 5 943
1 6 6005
1 7 3746
1 9 9665
1 10 1378
1 11 336
1 12 5163
1 13 4407
1 14 958
1 15 4086
1 16 2072
1 17 7264
1 18 5255
1 20 2174
1 21 3048
1 22 6398
1 23 974
1 24 9706
1 25 732
1 26 6384
1 27 3951
1 28 3627
1 29 2992
1 30 2558
1 31 6105
1 32 364
1 33 3012
1 34 4945
1 35 3453
1 36 368
1 37 7855
1 39 1162
1 40 8168
1 41 2997
1 42 4863
1 43 6687
1 44 8793
1 45 3113
1 46 7852
1 47 2417
1 48 3261
1 49 8967
2 1 2478
2 3 7925
2 4 191
2 5 4246
2 6 8205
2 7 7310
2 8 1231
2 9 8886
2 10 427
2 11 6750
2 12 8093
2 13 1170
2 14 9197
2 15 6824
2 16 492
2 17 1578
2 18 584
2 19 524
2 20 8037
2 21 5596
2 22 8959
2 23 2092
2 24 3209
2 25 9610
2 26 3599
2 27 7137
2 28 1011
2 29 9231
2 30 7314
2 31 3656
2 32 9288
2 33 3736
2 34 1614
2 35 4361
2 36 3491
2 37 9103
2 38 8482
2 39 8350
2 40 8860
2 41 7385
2 42 3468
2 43 5277
2 44 2746
2 45 463
2 46 1106
2 47 6063
2 48 8862
2 49 1148
3 1 5293
3 2 7925
3 4 3766
3 6 8404
3 7 8691
3 8 9587
3 9 2411
3 10 1604
3 11 874
3 12 2314
3 13 1200
3 14 6682
3 15 7330
3 16 1763
3 17 1385
3 18 5586
3 19 4210
3 20 8714
3 21 7143
3 22 6875
3 23 9991
3 24 1998
3 25 9915
3 26 3323
3 27 9472
3 28 786
3 29 7890
3 30 1505
3 31 7713
3 32 6627
3 33 1463
3 34 3950
3 35 927
3 36 2889
3 37 2830
3 38 5774
3 39 6785
3 40 1823
3 41 8099
3 42 8199
3 43 7185
3 44 4019
3 45 4034
3 46 9893
3 47 792
3 48 4851
3 49 9684
4 1 8399
4 2 191
4 3 3766
4 5 9600
4 6 3538
4 7 276
4 8 2985
4 9 1958
4 10 5416
4 11 8001
4 12 7110
4 13 3386
4 14 5475
4 15 8318
4 16 6279
4 17 9066
4 18 5593
4 19 3796
4 20 7089
4 21 131
4 22 7301
4 23 8208
4 24 9933
4 25 4426
4 26 6292
4 27 2662
4 28 1364
4 29 4495
4 30 7155
4 31 2473
4 32 8546
4 33 6312
4 34 820
4 35 4877
4 36 4511
4 37 5616
4 38 2552
4 39 1098
4 40 2564
4 41 6547
4 42 2876
4 43 482
4 44 6317
4 45 2776
4 46 3805
4 47 6437
4 48 4608
4 49 2904
5 1 943
5 2 4246
5 4 9600
5 6 7117
5 7 9326
5 8 8803
5 9 8978
5 10 8299
5 11 1247
5 12 6400
5 13 6878
5 14 3442
5 15 8471
5 16 9991
5 17 3939
5 18 5849
5 19 5548
5 20 9022
5 21 3578
5 22 9673
5 23 4203
5 24 6156
5 25 2833
5 26 9738
5 27 5886
5 28 5512
5 29 6784
5 30 9604
5 31 5752
5 32 7486
5 33 4675
5 34 4437
5 35 3384
5 36 7821
5 37 4840
5 38 9570
5 39 4172
5 40 6235
5 41 5911
5 42 6343
5 43 8920
5 44 7625
5 45 5461
5 46 3551
5 47 6714
5 48 6944
5 49 7358
6 1 6005
6 2 8205
6 3 8404
6 4 3538
6 5 7117
6 7 3587
6 8 651
6 9 6030
6 10 8533
6 11 5242
6 12 6872
6 13 5466
6 14 7008
6 15 5770
6 16 1640
6 17 2240
6 18 2663
6 19 4874
6 20 3632
6 21 2984
6 22 1592
6 23 2695
6 24 3571
6 25 1520
6 26 2000
6 27 3019
6 28 6978
6 29 2586
6 30 1489
6 31 605
6 32 1553
6 33 6124
6 34 5492
6 35 5826
6 36 8213
6 37 5394
6 38 9680
6 39 4038
6 40 241
6 41 4588
6 42 5217
6 43 4297
6 44 1552
6 45 9465
6 46 9853
6 47 9411
6 48 3239
6 49 4526
7 1 3746
7 2 7310
7 3 8691
7 4 276
7 5 9326
7 6 3587
7 8 3444
7 9 5109
7 10 7202
7 11 2105
7 12 8743
7 13 7977
7 14 8697
7 15 269
7 16 6644
7 17 4468
7 18 719
7 19 1397
7 20 2909
7 21 6245
7 22 7991
7 23 9307
7 24 6289
7 25 8149
7 26 2226
7 27 3398
7 28 883
7 29 5597
7 30 9808
7 31 634
7 32 9833
7 33 8214
7 34 8846
7 35 5496
7 36 5812
7 37 5862
7 38 2435
7 39 9244
7 40 853
7 41 1632
7 42 9227
7 43 5950
7 44 8405
7 45 4199
7 46 9196
7 47 7219
7 48 6553
7 49 8495
8 2 1231
8 3 9587
8 4 2985
8 5 8803
8 6 651
8 7 3444
8 9 1466
8 10 4823
8 11 407
8 12 6059
8 13 7716
8 14 1658
8 15 3355
8 16 1355
8 17 2921
8 18 1030
8 19 9382
8 20 1309
8 21 906
8 22 4536
8 23 9116
8 24 4442
8 25 6669
8 26 9844
8 27 6259
8 28 2018
8 29 6650
8 30 744
8 31 8909
8 32 6335
8 33 3941
8 34 5364
8 35 1461
8 36 4378
8 37 6411
8 38 5680
8 39 4267
8 40 2099
8 41 2249
8 42 1676
8 43 5930
8 44 9359
8 45 7217
8 46 6676
8 47 7292
8 48 3828
8 49 3047
9 1 9665
9 2 8886
9 3 2411
9 4 1958
9 5 8978
9 6 6030
9 7 5109
9 8 1466
9 10 1081
9 11 501
9 12 8971
9 13 3638
9 14 8095
9 15 708
9 16 2613
9 17 4413
9 18 6736
9 19 311
9 20 1497
9 21 7336
9 22 9886
9 23 9101
9 24 9593
9 25 7888
9 26 4283
9 27 7431
9 28 3168
9 29 4784
9 30 8443
9 31 1068
9 32 2853
9 33 1723
9 34 6482
9 35 5203
9 36 6259
9 38 264
9 39 9361
9 40 7941
9 41 7009
9 42 9775
9 43 2378
9 44 6089
9 45 437
9 46 561
9 47 1860
9 48 8623
9 49 9261
10 1 1378
10 2 427
10 3 1604
10 4 5416
10 5 8299
10 6 8533
10 7 7202
10 8 4823
10 9 1081
10 11 3611
10 12 4257
10 13 2347
10 14 9477
10 15 4323
10 16 8050
10 17 6497
10 18 1347
10 19 9862
10 20 7554
10 21 603
10 22 887
10 23 6693
10 24 5198
10 25 9629
10 26 9008
10 27 9619
10 28 5310
10 29 542
10 30 2607
10 31 3625
10 32 9120
10 33 1194
10 34 5011
10 35 7515
10 36 5142
10 37 2357
10 38 9121
10 39 9446
10 40 6410
10 41 524
10 42 5786
10 43 9079
10 44 272
10 45 8850
10 46 1603
10 47 5831
10 48 7298
10 49 6716
11 1 336
11 2 6750
11 3 874
11 4 8001
11 5 1247
11 6 5242
11 7 2105
11 8 407
11 9 501
11 10 3611
11 12 647
11 13 1104
11 14 2583
11 15 6130
11 16 4495
11 17 1160
11 18 8801
11 19 8408
11 20 6730
11 21 2434
11 22 9219
11 23 8797
11 24 157
11 25 8309
11 26 5891
11 27 7088
11 28 7325
11 29 929
11 30 6749
11 31 6043
11 32 3208
11 33 5355
11 34 9116
11 35 7061
11 36 4874
11 37 9900
11 38 4922
11 39 3992
11 40 8819
11 41 341
11 42 4288
11 43 644
11 44 4176
11 45 3936
11 46 1644
11 47 2852
11 48 9071
11 49 8426
12 1 5163
12 2 8093
12 3 2314
12 4 7110
12 5 6400
12 6 6872
12 7 8743
12 8 6059
12 9 8971
12 10 4257
12 11 647
12 13 3677
12 14 7402
12 15 8504
12 16 3078
12 17 4536
12 18 6815
12 19 9759
12 20 6775
12 21 6453
12 22 4744
12 23 6078
12 24 3785
12 25 4579
12 26 7527
12 27 2746
12 28 3050
12 29 4306
12 30 3544
12 31 2249
12 32 404
12 33 7671
12 34 2732
12 35 8714
12 36 9869
12 37 7605
12 38 2976
12 39 7264
12 40 1481
12 41 8567
12 42 8787
12 43 1589
12 44 3555
12 45 2774
12 46 1148
12 47 5321
12 48 5156
12 49 7387
13 1 4407
13 2 1170
13 3 1200
13 4 3386
13 5 6878
13 6 5466
13 7 7977
13 8 7716
13 9 3638
13 10 2347
13 11 1104
13 12 3677
13 14 5366
13 15 3423
13 16 9876
13 17 1260
13 18 5310
13 19 6547
13 20 1753
13 21 2374
13 22 1094
13 23 6043
13 24 9868
13 26 8857
13 27 5789
13 28 9369
13 29 1132
13 30 5489
13 31 7408
13 32 1438
13 33 7852
13 34 1502
13 35 1234
13 36 1834
13 37 7017
13 38 2980
13 39 8278
13 40 3591
13 41 5638
13 42 1946
13 43 129
13 44 7866
13 45 2241
13 46 1847
13 47 4947
13 48 4141
13 49 8461
14 1 958
14 2 9197
14 3 6682
14 4 5475
14 5 3442
14 6 7008
14 7 8697
14 8 1658
14 9 8095
14 10 9477
14 11 2583
14 12 7402
14 13 5366
14 15 7127
14 16 6288
14 17 2889
14 18 4622
14 19 5635
14 20 8017
14 21 5174
14 22 8132
14 23 9698
14 24 3705
14 25 8942
14 26 5357
14 27 115
14 28 872
14 29 8984
14 30 1867
14 31 6256
14 32 2765
14 33 9317
14 34 7194
14 35 4384
14 36 2519
14 37 3484
14 38 7648
14 39 2889
14 40 7383
14 41 7509
14 42 958
14 43 6587
14 44 7910
14 45 5945
14 46 3085
14 47 2400
14 48 4179
14 49 7360
15 1 4086
15 2 6824
15 3 7330
15 4 8318
15 5 8471
15 6 5770
15 7 269
15 8 3355
15 9 708
15 10 4323
15 11 6130
15 12 8504
15 13 3423
15 14 7127
15 16 3355
15 17 2709
15 18 5366
15 19 8441
15 20 3878
15 21 5714
15 22 3087
15 23 2879
15 24 8768
15 25 1666
15 26 9382
15 27 6255
15 28 6445
15 29 7006
15 30 3855
15 31 5752
15 32 147
15 33 484
15 34 5003
15 35 6508
15 36 3757
15 37 7184
15 38 2713
15 39 9005
15 40 6113
15 41 5996
15 42 271
15 43 3346
15 44 9374
15 45 7510
15 46 3668
15 47 5552
15 48 7632
15 49 145
16 1 2072
16 2 492
16 3 1763
16 4 6279
16 5 9991
16 6 1640
16 7 6644
16 8 1355
16 9 2613
16 10 8050
16 11 4495
16 12 3078
16 13 9876
16 14 6288
16 15 3355
16 17 2878
16 18 2233
16 19 5941
16 20 2760
16 21 9827
16 22 1524
16 23 9952
16 24 4126
16 25 7656
16 26 7811
16 27 8161
16 28 5572
16 29 8882
16 30 8216
16 31 3351
16 32 6802
16 33 6433
16 34 2984
16 35 4225
16 36 8353
16 37 2224
16 38 7120
16 39 3917
16 40 7147
16 41 6737
16 42 7335
16 43 8984
16 44 7774
16 45 3207
16 46 1216
16 47 3940
16 48 4656
16 49 7618
17 1 7264
17 2 1578
17 3 1385
17 4 9066
17 5 3939
17 6 2240
17 7 4468
17 8 2921
17 9 4413
17 10 6497
17 11 1160
17 12 4536
17 13 1260
17 14 2889
17 15 2709
17 16 2878
17 18 1135
17 19 9725
17 20 5108
17 21 8559
17 22 4656
17 23 8419
17 24 3795
17 25 556
17 26 4396
17 27 9514
17 28 776
17 29 7391
17 30 1348
17 31 5040
17 32 6895
17 33 155
17 34 243
17 35 8907
17 36 7542
17 37 2282
17 38 6968
17 39 9410
17 40 8777
17 41 6362
17 42 4816
17 43 8686
17 44 9222
17 45 4865
17 46 6196
17 47 3580
17 48 5887
17 49 7576
18 1 5255
18 2 584
18 3 5586
18 4 5593
18 5 5849
18 6 2663
18 7 719
18 8 1030
18 9 6736
18 10 1347
18 11 8801
18 12 6815
18 13 5310
18 14 4622
18 15 5366
18 16 2233
18 17 1135
18 19 1647
18 20 1887
18 22 1231
18 23 312
18 24 1891
18 25 7589
18 26 5950
18 27 7074
18 28 6486
18 29 3402
18 30 9481
18 31 5001
18 32 2417
18 33 9161
18 34 1483
18 35 8719
18 36 7082
18 37 4107
18 38 989
18 39 1727
18 40 6280
18 41 2654
18 42 8082
18 43 2756
18 44 4177
18 45 4307
18 46 7512
18 47 4427
18 48 8465
18 49 1303
19 2 524
19 3 4210
19 4 3796
19 5 5548
19 6 4874
19 7 1397
19 8 9382
19 9 311
19 10 9862
19 11 8408
19 12 9759
19 13 6547
19 14 5635
19 15 8441
19 16 5941
19 17 9725
19 18 1647
19 20 6971
19 21 1931
19 22 5980
19 23 5732
19 24 4518
19 25 5352
19 26 6552
19 27 7226
19 28 216
19 29 4956
19 30 1459
19 31 6921
19 32 3369
19 33 3946
19 34 1664
19 35 288
19 36 7064
19 37 4755
19 38 3577
19 39 8734
19 40 9381
19 41 1616
19 42 2531
19 43 1416
19 44 5661
19 45 3253
19 46 6996
19 47 8671
19 48 3081
19 49 2694
20 1 2174
20 2 8037
20 3 8714
20 4 7089
20 5 9022
20 6 3632
20 7 2909
20 8 1309
20 9 1497
20 10 7554
20 11 6730
20 12 6775
20 13 1753
20 14 8017
20 15 3878
20 16 2760
20 17 5108
20 18 1887
20 19 6971
20 21 2406
20 22 3851
20 23 169
20 24 2064
20 25 289
20 26 9856
20 27 5299
20 28 6836
20 29 7759
20 30 9708
20 31 4368
20 32 8221
20 33 1728
20 34 9066
20 35 5262
20 36 5110
20 37 5529
20 38 3009
20 39 6606
20 40 3793
20 41 4253
20 42 1167
20 43 1015
20 44 5490
20 45 7875
20 47 4074
20 48 7763
20 49 1419
21 1 3048
21 2 5596
21 3 7143
21 4 131
21 5 3578
21 6 2984
21 7 6245
21 8 906
21 9 7336
21 10 603
21 11 2434
21 12 6453
21 13 2374
21 14 5174
21 15 5714
21 16 9827
21 17 8559
21 19 1931
21 20 2406
21 22 7673
21 23 4815
21 24 2703
21 25 5162
21 26 3448
21 27 166
21 28 151
21 29 7757
21 30 3828
21 31 9422
21 32 5589
21 33 4050
21 34 7111
21 35 5164
21 36 2662
21 37 2320
21 38 5846
21 39 3255
21 40 4280
21 41 4397
21 42 9660
21 43 4991
21 44 5009
21 45 169
21 46 9471
21 47 8648
21 48 6499
21 49 7638
22 1 6398
22 2 8959
22 3 6875
22 4 7301
22 5 9673
22 6 1592
22 7 7991
22 8 4536
22 9 9886
22 10 887
22 11 9219
22 12 4744
22 13 1094
22 14 8132
22 15 3087
22 16 1524
22 17 4656
22 18 1231
22 19 5980
22 20 3851
22 21 7673
22 23 153
22 24 9706
22 25 179
22 26 6669
22 27 2637
22 28 427
22 29 6251
22 30 2939
22 31 3461
22 32 1519
22 33 7486
22 34 9636
22 35 4178
22 36 3192
22 37 1738
22 38 1939
22 39 7885
22 40 1701
22 41 2545
22 42 4422
22 43 6187
22 44 7620
22 45 2181
22 46 4973
22 47 2319
22 48 6599
22 49 2037
23 1 974
23 2 2092
23 3 9991
23 4 8208
23 5 4203
23 6 2695
23 7 9307
23 8 9116
23 9 9101
23 10 6693
23 11 8797
23 12 6078
23 13 6043
23 14 9698
23 15 2879
23 16 9952
23 17 8419
23 18 312
23 19 5732
23 20 169
23 21 4815
23 22 153
23 24 4903
23 25 8857
23 26 9223
23 27 8114
23 28 1176
23 29 2450
23 30 8099
23 31 6496
23 32 1874
23 33 4385
23 34 304
23 35 1113
23 36 2621
23 37 6861
23 38 2009
23 39 4877
23 40 8831
23 41 7460
23 42 7104
23 43 1686
23 44 2402
23 45 4862
23 46 7385
23 47 4055
23 48 6657
23 49 1820
24 1 9706
24 2 3209
24 3 1998
24 4 9933
24 5 6156
24 6 3571
24 7 6289
24 8 4442
24 9 9593
24 10 5198
24 11 157
24 12 3785
24 13 9868
24 14 3705
24 15 8768
24 16 4126
24 17 3795
24 18 1891
24 19 4518
24 20 2064
24 21 2703
24 22 9706
24 23 4903
24 25 9184
24 26 5574
24 27 7719
24 28 9250
24 29 6374
24 30 5843
24 31 929
24 32 9249
24 33 3374
24 34 220
24 35 5015
24 36 8709
24 37 7129
24 38 9311
24 39 7421
24 40 9755
24 41 2275
24 42 1388
24 43 9879
24 44 1799
24 45 2003
24 46 7123
24 47 7631
24 48 4238
24 49 6871
25 1 732
25 2 9610
25 3 9915
25 4 4426
25 5 2833
25 6 1520
25 7 8149
25 8 6669
25 9 7888
25 10 9629
25 11 8309
25 12 4579
25 14 8942
25 15 1666
25 16 7656
25 17 556
25 18 7589
25 19 5352
25 20 289
25 21 5162
25 22 179
25 23 8857
25 24 9184
25 26 5600
25 27 6923
25 28 1117
25 29 8027
25 30 7867
25 31 9562
25 32 8859
25 33 8661
25 34 8426
25 35 5764
25 36 1969
25 37 3540
25 38 8094
25 39 8967
25 40 5146
25 41 4136
25 42 4972
25 43 3257
25 44 2871
25 45 4677
25 46 9759
25 47 1955
25 48 2012
25 49 7662
26 1 6384
26 2 3599
26 3 3323
26 4 6292
26 5 9738
26 6 2000
26 7 2226
26 8 9844
26 9 4283
26 10 9008
26 11 5891
26 12 7527
26 13 8857
26 14 5357
26 15 9382
26 16 7811
26 17 4396
26 18 5950
26 19 6552
26 20 9856
26 21 3448
26 22 6669
26 23 9223
26 24 5574
26 25 5600
26 27 3946
26 28 1766
26 29 1077
26 30 8881
26 31 5593
26 32 4858
26 33 8186
26 34 1185
26 35 7484
26 36 4817
26 37 8498
26 38 2976
26 39 9524
26 40 4373
26 41 6263
26 42 1502
26 43 3952
26 44 4470
26 45 8395
26 46 5915
26 47 4106
26 48 1264
26 49 638
27 1 3951
27 2 7137
27 3 9472
27 4 2662
27 5 5886
27 6 3019
27 7 3398
27 8 6259
27 9 7431
27 10 9619
27 11 7088
27 12 2746
27 13 5789
27 14 115
27 15 6255
27 16 8161
27 17 9514
27 18 7074
27 19 7226
27 20 5299
27 21 166
27 22 2637
27 23 8114
27 24 7719
27 25 6923
27 26 3946
27 28 1301
27 29 4567
27 30 1833
27 31 5367
27 32 1409
27 33 3190
27 34 5152
27 35 7717
27 36 2352
27 37 4548
27 38 8709
27 39 9657
27 40 1955
27 41 726
27 42 9027
27 43 2041
27 44 6500
27 45 5992
27 46 952
27 47 6041
27 48 2383
27 49 1115
28 1 3627
28 2 1011
28 3 786
28 4 1364
28 5 5512
28 6 6978
28 7 883
28 8 2018
28 9 3168
28 10 5310
28 11 7325
28 12 3050
28 13 9369
28 14 872
28 15 6445
28 16 5572
28 17 776
28 18 6486
28 19 216
28 20 6836
28 21 151
28 22 427
28 23 1176
28 24 9250
28 25 1117
28 26 1766
28 27 1301
28 29 4720
28 30 9565
28 31 5548
28 32 3833
28 33 6712
28 34 8779
28 35 5279
28 36 1615
28 37 892
28 38 917
28 39 2257
28 40 1824
28 41 5543
28 42 4285
28 43 4223
28 44 7434
28 45 2395
28 46 7610
28 47 4263
28 48 7714
28 49 8606
29 1 2992
29 2 9231
29 3 7890
29 4 4495
29 5 6784
29 6 2586
29 7 5597
29 8 6650
29 9 4784
29 10 542
29 11 929
29 12 4306
29 13 1132
29 14 8984
29 15 7006
29 16 8882
29 17 7391
29 18 3402
29 19 4956
29 20 7759
29 21 7757
29 22 6251
29 23 2450
29 24 6374
29 25 8027
29 26 1077
29 27 4567
29 28 4720
29 30 6456
29 31 9806
29 32 7476
29 33 565
29 34 2890
29 35 7626
29 36 2290
29 37 784
29 38 1329
29 39 9538
29 40 1709
29 41 5309
29 42 9696
29 43 6169
29 44 8050
29 45 7885
29 46 4990
29 47 7438
29 48 2103
29 49 3613
30 1 2558
30 2 7314
30 3 1505
30 4 7155
30 5 9604
30 6 1489
30 7 9808
30 8 744
30 9 8443
30 10 2607
30 11 6749
30 12 3544
30 13 5489
30 14 1867
30 15 3855
30 16 8216
30 17 1348
30 18 9481
30 19 1459
30 20 9708
30 21 3828
30 22 2939
30 23 8099
30 24 5843
30 25 7867
30 26 8881
30 27 1833
30 28 9565
30 29 6456
30 31 7045
30 32 5754
30 33 9051
30 34 7748
30 35 9927
30 36 4465
30 37 5842
30 38 300
30 39 6609
30 40 2362
30 41 6102
30 42 1180
30 43 3733
30 44 6899
30 45 6845
30 46 7489
30 47 1583
30 48 1354
30 49 9182
31 1 6105
31 2 3656
31 3 7713
31 4 2473
31 5 5752
31 6 605
31 7 634
31 8 8909
31 9 1068
31 10 3625
31 11 6043
31 12 2249
31 13 7408
31 14 6256
31 15 5752
31 16 3351
31 17 5040
31 18 5001
31 19 6921
31 20 4368
31 21 9422
31 22 3461
31 23 6496
31 24 929
31 25 9562
31 26 5593
31 27 5367
31 28 5548
31 29 9806
31 30 7045
31 32 3998
31 33 4317
31 34 8844
31 35 5818
31 36 1225
31 37 6429
31 38 5693
31 39 1182
31 40 8192
31 41 768
31 42 8329
31 43 5999
31 44 828
31 45 2748
31 46 2111
31 47 1946
31 48 2893
31 49 1128
32 1 364
32 2 9288
32 3 6627
32 4 8546
32 5 7486
32 6 1553
32 7 9833
32 8 6335
32 9 2853
32 10 9120
32 11 3208
32 12 404
32 13 1438
32 14 2765
32 15 147
32 16 6802
32 17 6895
32 18 2417
32 19 3369
32 20 8221
32 21 5589
32 22 1519
32 23 1874
32 24 9249
32 25 8859
32 26 4858
32 27 1409
32 28 3833
32 29 7476
32 30 5754
32 31 3998
32 33 3607
32 34 5979
32 35 4411
32 36 1594
32 37 6881
32 38 3155
32 39 225
32 40 3516
32 41 1291
32 42 120
32 43 4044
32 44 3235
32 45 8304
32 46 6632
32 47 2881
32 48 5091
32 49 9719
33 1 3012
33 2 3736
33 3 1463
33 4 6312
33 5 4675
33 6 6124
33 7 8214
33 8 3941
33 9 1723
33 10 1194
33 11 5355
33 12 7671
33 13 7852
33 14 9317
33 15 484
33 16 6433
33 17 155
33 18 9161
33 19 3946
33 20 1728
33 21 4050
33 22 7486
33 23 4385
33 24 3374
33 25 8661
33 26 8186
33 27 3190
33 28 6712
33 29 565
33 30 9051
33 31 4317
33 32 3607
33 34 748
33 35 6138
33 36 3847
33 37 2827
33 38 4055
33 39 7580
33 40 6300
33 41 1895
33 42 5008
33 43 9035
33 44 1783
33 45 9008
33 46 7601
33 47 8563
33 48 3301
33 49 1713
34 1 4945
34 2 1614
34 3 3950
34 4 820
34 5 4437
34 6 5492
34 7 8846
34 8 5364
34 9 6482
34 10 5011
34 11 9116
34 12 2732
34 13 1502
34 14 7194
34 15 5003
34 16 2984
34 17 243
34 18 1483
34 19 1664
34 20 9066
34 21 7111
34 22 9636
34 23 304
34 24 220
34 25 8426
34 26 1185
34 27 5152
34 28 8779
34 29 2890
34 30 7748
34 31 8844
34 32 5979
34 33 748
34 35 3705
34 36 4752
34 37 2525
34 38 7249
34 39 6287
34 40 3407
34 41 4009
34 42 8848
34 43 4517
34 44 4604
34 45 226
34 46 6878
34 47 2879
34 48 5465
34 49 2184
35 1 3453
35 2 4361
35 3 927
35 4 4877
35 5 3384
35 6 5826
35 7 5496
35 8 1461
35 9 5203
35 10 7515
35 11 7061
35 12 8714
35 13 1234
35 14 4384
35 15 6508
35 16 4225
35 17 8907
35 18 8719
35 19 288
35 20 5262
35 21 5164
35 22 4178
35 23 1113
35 24 5015
35 25 5764
35 26 7484
35 27 7717
35 28 5279
35 29 7626
35 30 9927
35 31 5818
35 32 4411
35 33 6138
35 34 3705
35 36 6520
35 37 4104
35 38 336
35 39 8712
35 40 813
35 41 2815
35 42 5970
35 43 9521
35 44 7989
35 45 3540
35 46 9128
35 47 3441
35 48 5543
35 49 5383
36 1 368
36 2 3491
36 3 2889
36 4 4511
36 5 7821
36 6 8213
36 7 5812
36 8 4378
36 9 6259
36 10 5142
36 11 4874
36 12 9869
36 13 1834
36 14 2519
36 15 3757
36 16 8353
36 17 7542
36 18 7082
36 19 7064
36 20 5110
36 21 2662
36 22 3192
36 23 2621
36 24 8709
36 25 1969
36 26 4817
36 27 2352
36 28 1615
36 29 2290
36 30 4465
36 31 1225
36 32 1594
36 33 3847
36 34 4752
36 35 6520
36 37 3539
36 38 1433
36 39 8346
36 40 5074
36 41 274
36 42 2412
36 43 8909
36 44 4460
36 45 5013
36 46 9855
36 47 733
36 48 909
36 49 5026
37 1 7855
37 2 9103
37 3 2830
37 4 5616
37 5 4840
37 6 5394
37 7 5862
37 8 6411
37 10 2357
37 11 9900
37 12 7605
37 13 7017
37 14 3484
37 15 7184
37 16 2224
37 17 2282
37 18 4107
37 19 4755
37 20 5529
37 21 2320
37 22 1738
37 23 6861
37 24 7129
37 25 3540
37 26 8498
37 27 4548
37 28 892
37 29 784
37 30 5842
37 31 6429
37 32 6881
37 33 2827
37 34 2525
37 35 4104
37 36 3539
37 38 5119
37 39 3748
37 40 5982
37 41 333
37 42 9290
37 43 129
37 44 1876
37 45 4802
37 46 2326
37 47 7578
37 48 8931
37 49 1752
38 2 8482
38 3 5774
38 4 2552
38 5 9570
38 6 9680
38 7 2435
38 8 5680
38 9 264
38 10 9121
38 11 4922
38 12 2976
38 13 2980
38 14 7648
38 15 2713
38 16 7120
38 17 6968
38 18 989
38 19 3577
38 20 3009
38 21 5846
38 22 1939
38 23 2009
38 24 9311
38 25 8094
38 26 2976
38 27 8709
38 28 917
38 29 1329
38 30 300
38 31 5693
38 32 3155
38 33 4055
38 34 7249
38 35 336
38 36 1433
38 37 5119
38 39 3003
38 40 9079
38 41 5379
38 42 4245
38 43 4451
38 44 351
38 45 8303
38 46 6710
38 47 6189
38 48 8452
38 49 3640
39 1 1162
39 2 8350
39 3 6785
39 4 1098
39 5 4172
39 6 4038
39 7 9244
39 8 4267
39 9 9361
39 10 9446
39 11 3992
39 12 7264
39 13 8278
39 14 2889
39 15 9005
39 16 3917
39 17 9410
39 18 1727
39 19 8734
39 20 6606
39 21 3255
39 22 7885
39 23 4877
39 24 7421
39 25 8967
39 26 9524
39 27 9657
39 28 2257
39 29 9538
39 30 6609
39 31 1182
39 32 225
39 33 7580
39 34 6287
39 35 8712
39 36 8346
39 37 3748
39 38 3003
39 40 4075
39 41 6873
39 42 1301
39 43 5933
39 44 8143
39 45 4318
39 46 1078
39 47 4847
39 48 9322
39 49 5128
40 1 8168
40 2 8860
40 3 1823
40 4 2564
40 5 6235
40 6 241
40 7 853
40 8 2099
40 9 7941
40 10 6410
40 11 8819
40 12 1481
40 13 3591
40 14 7383
40 15 6113
40 16 7147
40 17 8777
40 18 6280
40 19 9381
40 20 3793
40 21 4280
40 22 1701
40 23 8831
40 24 9755
40 25 5146
40 26 4373
40 27 1955
40 28 1824
40 29 1709
40 30 2362
40 31 8192
40 32 3516
40 33 6300
40 34 3407
40 35 813
40 36 5074
40 37 5982
40 38 9079
40 39 4075
40 41 921
40 42 392
40 43 1449
40 44 4676
40 45 164
40 46 4121
40 47 9569
40 48 7527
40 49 5217
41 1 2997
41 2 7385
41 3 8099
41 4 6547
41 5 5911
41 6 4588
41 7 1632
41 8 2249
41 9 7009
41 10 524
41 11 341
41 12 8567
41 13 5638
41 14 7509
41 15 5996
41 16 6737
41 17 6362
41 18 2654
41 19 1616
41 20 4253
41 21 4397
41 22 2545
41 23 7460
41 24 2275
41 25 4136
41 26 6263
41 27 726
41 28 5543
41 29 5309
41 30 6102
41 31 768
41 32 1291
41 33 1895
41 34 4009
41 35 2815
41 36 274
41 37 333
41 38 5379
41 39 6873
41 40 921
41 42 1813
41 43 8098
41 44 5711
41 45 9111
41 46 8597
41 47 6212
41 48 7082
41 49 7885
42 1 4863
42 2 3468
42 3 8199
42 4 2876
42 5 6343
42 6 5217
42 7 9227
42 8 1676
42 9 9775
42 10 5786
42 11 4288
42 12 8787
42 13 1946
42 14 958
42 15 271
42 16 7335
42 17 4816
42 18 8082
42 19 2531
42 20 1167
42 21 9660
42 22 4422
42 23 7104
42 24 1388
42 25 4972
42 26 1502
42 27 9027
42 28 4285
42 29 9696
42 30 1180
42 31 8329
42 32 120
42 33 5008
42 34 8848
42 35 5970
42 36 2412
42 37 9290
42 38 4245
42 39 1301
42 40 392
42 41 1813
42 43 7800
42 44 2674
42 45 7592
42 46 2280
42 47 7241
42 48 6731
42 49 7329
43 1 6687
43 2 5277
43 3 7185
43 4 482
43 5 8920
43 6 4297
43 7 5950
43 8 5930
43 9 2378
43 10 9079
43 11 644
43 12 1589
43 13 129
43 14 6587
43 15 3346
43 16 8984
43 17 8686
43 18 2756
43 19 1416
43 20 1015
43 21 4991
43 22 6187
43 23 1686
43 24 9879
43 25 3257
43 26 3952
43 27 2041
43 28 4223
43 29 6169
43 30 3733
43 31 5999
43 32 4044
43 33 9035
43 34 4517
43 35 9521
43 36 8909
43 37 129
43 38 4451
43 39 5933
43 40 1449
43 41 8098
43 42 7800
43 44 1087
43 45 2548
43 46 6380
43 47 5571
43 48 5245
43 49 3150
44 1 8793
44 2 2746
44 3 4019
44 4 6317
44 5 7625
44 6 1552
44 7 8405
44 8 9359
44 9 6089
44 10 272
44 11 4176
44 12 3555
44 13 7866
44 14 7910
44 15 9374
44 16 7774
44 17 9222
44 18 4177
44 19 5661
44 20 5490
44 21 5009
44 22 7620
44 23 2402
44 24 1799
44 25 2871
44 26 4470
44 27 6500
44 28 7434
44 29 8050
44 30 6899
44 31 828
44 32 3235
44 33 1783
44 34 4604
44 35 7989
44 36 4460
44 37 1876
44 38 351
44 39 8143
44 40 4676
44 41 5711
44 42 2674
44 43 1087
44 45 5389
44 46 1001
44 47 1896
44 48 185
44 49 9104
45 1 3113
45 2 463
45 3 4034
45 4 2776
45 5 5461
45 6 9465
45 7 4199
45 8 7217
45 9 437
45 10 8850
45 11 3936
45 12 2774
45 13 2241
45 14 5945
45 15 7510
45 16 3207
45 17 4865
45 18 4307
45 19 3253
45 20 7875
45 21 169
45 22 2181
45 23 4862
45 24 2003
45 25 4677
45 26 8395
45 27 5992
45 28 2395
45 29 7885
45 30 6845
45 31 2748
45 32 8304
45 33 9008
45 34 226
45 35 3540
45 36 5013
45 37 4802
45 38 8303
45 39 4318
45 40 164
45 41 9111
45 42 7592
45 43 2548
45 44 5389
45 46 3849
45 47 6530
45 48 6437
45 49 8826
46 1 7852
46 2 1106
46 3 9893
46 4 3805
46 5 3551
46 6 9853
46 7 9196
46 8 6676
46 9 561
46 10 1603
46 11 1644
46 12 1148
46 13 1847
46 14 3085
46 15 3668
46 16 1216
46 17 6196
46 18 7512
46 19 6996
46 21 9471
46 22 4973
46 23 7385
46 24 7123
46 25 9759
46 26 5915
46 27 952
46 28 7610
46 29 4990
46 30 7489
46 31 2111
46 32 6632
46 33 7601
46 34 6878
46 35 9128
46 36 9855
46 37 2326
46 38 6710
46 39 1078
46 40 4121
46 41 8597
46 42 2280
46 43 6380
46 44 1001
46 45 3849
46 47 5150
46 48 8927
46 49 5494
47 1 2417
47 2 6063
47 3 792
47 4 6437
47 5 6714
47 6 9411
47 7 7219
47 8 7292
47 9 1860
47 10 5831
47 11 2852
47 12 5321
47 13 4947
47 14 2400
47 15 5552
47 16 3940
47 17 3580
47 18 4427
47 19 8671
47 20 4074
47 21 8648
47 22 2319
47 23 4055
47 24 7631
47 25 1955
47 26 4106
47 27 6041
47 28 4263
47 29 7438
47 30 1583
47 31 1946
47 32 2881
47 33 8563
47 34 2879
47 35 3441
47 36 733
47 37 7578
47 38 6189
47 39 4847
47 40 9569
47 41 6212
47 42 7241
47 43 5571
47 44 1896
47 45 6530
47 46 5150
47 48 837
47 49 1728
48 1 3261
48 2 8862
48 3 4851
48 4 4608
48 5 6944
48 6 3239
48 7 6553
48 8 3828
48 9 8623
48 10 7298
48 11 9071
48 12 5156
48 13 4141
48 14 4179
48 15 7632
48 16 4656
48 17 5887
48 18 8465
48 19 3081
48 20 7763
48 21 6499
48 22 6599
48 23 6657
48 24 4238
48 25 2012
48 26 1264
48 27 2383
48 28 7714
48 29 2103
48 30 1354
48 31 2893
48 32 5091
48 33 3301
48 34 5465
48 35 5543
48 36 909
48 37 8931
48 38 8452
48 39 9322
48 40 7527
48 41 7082
48 42 6731
48 43 5245
48 44 185
48 45 6437
48 46 8927
48 47 837
48 49 7426
1 t 8967
2 t 1148
3 t 9684
4 t 2904
5 t 7358
6 t 4526
7 t 8495
8 t 3047
9 t 9261
10 t 6716
11 t 8426
12 t 7387
13 t 8461
14 t 7360
15 t 145
16 t 7618
17 t 7576
18 t 1303
19 t 2694
20 t 1419
21 t 7638
22 t 2037
23 t 1820
24 t 6871
25 t 7662
26 t 638
27 t 1115
28 t 8606
29 t 3613
30 t 9182
31 t 1128
32 t 9719
33 t 1713
34 t 2184
35 t 5383
36 t 5026
37 t 1752
38 t 3640
39 t 5128
40 t 5217
41 t 7885
42 t 7329
43 t 3150
44 t 9104
45 t 8826
46 t 5494
47 t 1728
48 t 7426
