s 1 22034
s 2 65997
s 3 14151
s 4 60753
s 5 3851
s 6 60884
s 7 28158
s 8 87849
s 9 36897
s 10 52000
s 11 35185
s 12 68824
s 13 34384
s 14 56687
s 15 28167
s 16 77671
s 17 56540
s 18 55319
s 19 23441
s 20 12332
s 21 85490
s 22 72603
s 23 29697
s 24 88165
s 25 5477
s 26 75209
s 27 96303
s 28 53527
s 29 99424
s 30 58710
s 31 23888
s 32 55571
s 33 27286
s 34 26119
s 35 82975
s 36 3665
s 37 62674
s 38 20634
s 39 32040
s 40 16962
s 41 46729
s 42 74985
s 43 68488
s 44 91758
s 46 80031
s 47 60405
s 48 85278
s 49 97493
1 2 39612
1 3 65867
1 4 27300
1 5 38945
1 6 59766
1 7 67236
1 8 4873
1 9 59282
1 10 34231
1 11 38547
1 12 44729
1 13 76512
1 14 44603
1 15 45777
1 16 19210
1 17 11316
1 18 75005
1 19 79308
1 20 65392
1 21 22160
1 22 1474
1 23 13858
1 24 71705
1 25 49713
1 26 83215
1 27 10700
1 28 90763
1 29 25541
1 30 99499
1 31 85870
1 32 78491
1 33 90002
1 34 36851
1 35 91247
1 36 69038
1 37 33259
1 38 68564
1 39 5820
1 40 77629
1 41 88519
1 42 15327
1 43 25077
1 44 13348
1 45 8641
1 46 3341
1 47 65632
1 48 88357
1 49 14199
2 1 39612
2 3 93933
2 4 44468
2 5 81031
2 6 52072
2 7 61848
2 8 8613
2 9 99518
2 10 99583
2 11 51144
2 12 66804
2 13 45384
2 14 41263
2 15 35818
2 16 15255
2 17 37647
2 18 31456
2 19 34105
2 20 8382
2 21 78593
2 22 58950
2 23 84295
2 24 79740
2 25 34011
2 26 80593
2 27 96923
2 28 16789
2 29 50427
2 30 94636
2 31 69925
2 32 70366
2 33 13233
2 34 86967
2 35 71698
2 36 15798
2 37 85229
2 38 93143
2 39 53392
2 40 88665
2 41 70208
2 42 67827
2 43 53144
2 44 45092
2 45 12670
2 46 20636
2 47 27281
2 48 66485
2 49 19627
3 1 65867
3 2 93933
3 4 70965
3 5 40731
3 6 57582
3 7 22481
3 8 81315
3 9 54157
3 10 78075
3 11 5020
3 12 37232
3 13 82317
3 14 58470
3 15 91477
3 16 89833
3 17 56469
3 18 39170
3 19 44070
3 20 12816
3 21 39302
3 22 64673
3 23 62281
3 24 21158
3 25 26955
3 26 65280
3 27 66572
3 28 71878
3 29 47905
3 30 42737
3 31 85889
3 32 2413
3 33 17207
3 34 42300
3 35 66396
3 36 42089
3 37 98947
3 38 3651
3 39 28079
3 40 32568
3 41 25738
3 42 77695
3 44 35706
3 45 7100
3 46 17264
3 47 84953
3 48 87656
3 49 6909
4 1 27300
4 2 44468
4 3 70965
4 5 32888
4 6 74263
4 7 4422
4 8 52098
4 9 85701
4 10 86315
4 11 73886
4 12 34495
4 13 20461
4 14 1801
4 15 65034
4 16 46703
4 17 84843
4 18 69022
4 19 7114
4 20 78575
4 21 9605
4 22 473
4 23 21612
4 24 74447
4 25 51673
4 26 59965
4 27 99127
4 28 42761
4 29 52588
4 30 70945
4 31 1211
4 32 69628
4 33 16999
4 34 32196
4 35 64040
4 36 81485
4 37 30953
4 38 89618
4 39 50246
4 40 19534
4 41 1188
4 42 22994
4 43 7072
4 44 73152
4 45 41288
4 46 97951
4 47 57232
4 48 54360
4 49 97946
5 1 38945
5 2 81031
5 3 40731
5 4 32888
5 6 65828
5 7 93378
5 8 59607
5 10 41687
5 11 10382
5 12 26268
5 13 71311
5 14 48051
5 15 75876
5 16 44936
5 17 87249
5 18 84554
5 19 66042
5 20 84434
5 22 51687
5 23 88715
5 24 58910
5 25 9471
5 26 43229
5 27 37137
5 28 52459
5 29 28275
5 30 20924
5 31 11774
5 32 24597
5 33 85212
5 34 80420
5 35 61685
5 36 82598
5 37 12296
5 38 26603
5 39 55708
5 40 72302
5 41 93297
5 42 53282
5 43 58410
5 44 21731
5 45 79654
5 46 15037
5 47 85099
5 48 6940
5 49 95179
6 1 59766
6 2 52072
6 3 57582
6 4 74263
6 5 65828
6 7 85951
6 8 40534
6 9 9991
6 10 16089
6 11 56214
6 12 16258
6 13 7661
6 14 31299
6 15 25684
6 16 14577
6 17 88016
6 18 97877
6 19 88567
6 20 14064
6 21 89155
6 22 52753
6 23 79627
6 25 745
6 26 51680
6 27 21487
6 28 21188
6 29 90360
6 30 71771
6 31 20664
6 32 29172
6 33 72280
6 34 8083
6 35 56261
6 36 27425
6 37 81494
6 38 88561
6 39 29215
6 40 46689
6 41 81692
6 42 18494
6 43 12606
6 44 96710
6 45 10817
6 46 66033
6 47 37184
6 48 54030
6 49 55610
7 1 67236
7 2 61848
7 3 22481
7 4 4422
7 5 93378
7 6 85951
7 8 6217
7 9 73013
7 10 42629
7 11 10506
7 12 55801
7 13 37138
7 14 41362
7 15 34731
7 16 11984
7 17 76728
7 18 17671
7 19 84487
7 20 89028
7 21 5722
7 22 60874
7 23 8010
7 24 93027
7 25 7397
7 26 62495
7 27 88353
7 28 64704
7 30 22624
7 31 21161
7 32 83897
7 33 90584
7 34 84584
7 35 8111
7 36 74658
7 37 31505
7 38 14875
7 39 84402
7 40 5118
7 41 34722
7 42 30635
7 43 41003
7 44 64724
7 45 96169
7 46 31234
7 47 39781
7 48 43632
7 49 26440
8 1 4873
8 2 8613
8 3 81315
8 4 52098
8 5 59607
8 6 40534
8 7 6217
8 9 76587
8 10 95674
8 11 57492
8 12 40954
8 13 20483
8 14 37244
8 15 33597
8 16 4709
8 17 80197
8 18 24022
8 19 61678
8 20 44802
8 21 42998
8 22 42723
8 23 21876
8 24 95466
8 25 31362
8 26 72525
8 27 65060
8 28 55489
8 29 4354
8 30 82437
8 31 97499
8 32 19243
8 33 27334
8 34 39374
8 35 80168
8 36 72456
8 37 11544
8 38 91321
8 39 40789
8 40 2726
8 41 30037
8 42 40772
8 43 41827
8 44 80936
8 45 66091
8 46 87127
8 47 89450
8 48 39721
8 49 31206
9 1 59282
9 2 99518
9 3 54157
9 4 85701
9 6 9991
9 7 73013
9 8 76587
9 10 81923
9 11 48158
9 12 37873
9 13 39158
9 14 89980
9 15 69992
9 16 18185
9 17 34784
9 18 75402
9 19 843
9 20 8084
9 21 74186
9 22 68388
9 23 83070
9 24 42731
9 25 2590
9 26 62241
9 27 77377
9 28 50521
9 29 53680
9 30 84647
9 31 5565
9 32 89184
9 33 1191
9 34 37820
9 35 31969
9 36 58151
9 37 31618
9 38 70199
9 39 17048
9 40 94975
9 41 76675
9 42 47869
9 43 88235
9 44 44564
9 45 12035
9 46 11582
9 47 46432
9 48 33699
9 49 55558
10 1 34231
10 2 99583
10 3 78075
10 4 86315
10 5 41687
10 6 16089
10 7 42629
10 8 95674
10 9 81923
10 11 56420
10 12 27715
10 13 35559
10 14 41161
10 15 4197
10 16 54574
10 17 15072
10 18 96400
10 19 4764
10 20 5108
10 21 60315
10 22 90711
10 23 47526
10 24 346
10 25 42780
10 26 1291
10 27 40555
10 28 95435
10 29 7904
10 30 96151
10 31 54408
10 32 98926
10 33 73431
10 34 22341
10 35 39467
10 36 87742
10 37 40640
10 38 50244
10 39 47397
10 40 15366
10 41 88819
10 42 30722
10 43 17347
10 45 23254
10 46 72304
10 47 80625
10 48 10552
10 49 23730
11 1 38547
11 2 51144
11 3 5020
11 4 73886
11 5 10382
11 6 56214
11 7 10506
11 8 57492
11 9 48158
11 10 56420
11 12 91123
11 13 24025
11 14 56552
11 15 74173
11 16 54785
11 17 66828
11 18 87883
11 19 24316
11 20 78939
11 21 57326
11 22 3908
11 23 97795
11 24 28803
11 25 1621
11 26 52506
11 27 73875
11 28 99665
11 29 33170
11 30 91750
11 31 57338
11 32 24111
11 33 20784
11 34 84996
11 35 13836
11 36 1533
11 37 38682
11 38 5248
11 39 93724
11 40 36547
11 41 86485
11 42 65546
11 43 43935
11 44 16264
11 45 23312
11 46 19350
11 47 65519
11 48 57736
11 49 5495
12 1 44729
12 2 66804
12 3 37232
12 4 34495
12 5 26268
12 6 16258
12 7 55801
12 8 40954
12 9 37873
12 10 27715
12 11 91123
12 13 76932
12 14 98548
12 15 87246
12 16 90537
12 17 44177
12 18 3476
12 19 35534
12 20 50117
12 21 31901
12 22 66255
12 23 20615
12 24 59450
12 25 87176
12 26 46902
12 27 7504
12 28 16579
12 29 14122
12 30 28651
12 31 26751
12 32 43384
12 33 72179
12 34 78013
12 35 85197
12 36 94614
12 37 58932
12 38 91875
12 39 93477
12 40 89546
12 41 96430
12 42 35296
12 43 21351
12 44 73481
12 45 37233
12 46 43605
12 47 62026
12 48 8199
12 49 34021
13 1 76512
13 2 45384
13 3 82317
13 4 20461
13 5 71311
13 6 7661
13 7 37138
13 8 20483
13 9 39158
13 10 35559
13 11 24025
13 12 76932
13 14 45934
13 15 58110
13 16 42371
13 17 20536
13 18 77571
13 19 8297
13 20 67118
13 21 56863
13 22 71377
13 23 46508
13 24 23745
13 25 37582
13 26 50868
13 27 98698
13 28 65656
13 29 88519
13 30 34458
13 31 22443
13 32 14107
13 33 37367
13 34 4022
13 35 62936
13 36 26874
13 37 94880
13 38 94270
13 39 85418
13 40 13711
13 41 97030
13 42 80867
13 43 70942
13 44 11625
13 45 10200
13 46 70781
13 47 10940
13 48 66941
13 49 18046
14 1 44603
14 2 41263
14 3 58470
14 4 1801
14 5 48051
14 6 31299
14 7 41362
14 8 37244
14 9 89980
14 10 41161
14 11 56552
14 12 98548
14 13 45934
14 15 42117
14 16 71825
14 17 73780
14 18 67661
14 19 68338
14 20 97644
14 21 64729
14 22 42822
14 23 27200
14 24 44514
14 25 61050
14 26 42222
14 27 57955
14 28 51563
14 29 6798
14 30 59474
14 31 41437
14 32 53613
14 33 31450
14 34 73887
14 35 13555
14 36 95215
14 37 11759
14 38 75561
14 39 98285
14 40 62539
14 41 77352
14 42 26380
14 44 9727
14 45 75223
14 46 81236
14 47 74150
14 48 11225
14 49 8935
15 1 45777
15 2 35818
15 3 91477
15 4 65034
15 5 75876
15 6 25684
15 7 34731
15 8 33597
15 9 69992
15 10 4197
15 11 74173
15 12 87246
15 13 58110
15 14 42117
15 16 39951
15 17 69159
15 18 76865
15 19 59321
15 20 65236
15 21 77590
15 22 17843
15 23 86460
15 24 85483
15 25 84861
15 26 52586
15 27 22688
15 28 80813
15 29 62445
15 30 35716
15 31 92167
15 32 30624
15 33 82703
15 34 48941
15 35 73613
15 36 20009
15 37 23355
15 38 32446
15 39 53966
15 40 30616
15 41 17511
15 42 86494
15 43 59822
15 44 95682
15 45 99323
15 46 99457
15 47 78295
15 48 33052
15 49 11836
16 1 19210
16 2 15255
16 3 89833
16 4 46703
16 5 44936
16 6 14577
16 7 11984
16 8 4709
16 9 18185
16 10 54574
16 11 54785
16 12 90537
16 13 42371
16 14 71825
16 15 39951
16 17 95733
16 18 40031
16 19 45496
16 20 81848
16 21 47212
16 22 33184
16 23 45781
16 24 16740
16 25 35874
16 26 58588
16 27 7306
16 28 8018
16 29 88356
16 30 3688
16 31 40345
16 32 49170
16 33 30087
16 34 45885
16 35 25029
16 36 11751
16 37 1409
16 38 90640
16 39 80974
16 40 87406
16 41 84456
16 42 83490
16 43 24294
16 44 78954
16 45 96847
16 46 21516
16 47 6384
16 48 65137
16 49 50306
17 1 11316
17 2 37647
17 3 56469
17 4 84843
17 5 87249
17 6 88016
17 7 76728
17 8 80197
17 9 34784
17 10 15072
17 11 66828
17 12 44177
17 13 20536
17 14 73780
17 15 69159
17 16 95733
17 18 54974
17 19 65331
17 20 36899
17 21 69087
17 22 41338
17 23 94850
17 24 39551
17 25 85032
17 26 70464
17 27 40506
17 28 66219
17 29 48564
17 30 3538
17 31 92575
17 32 35266
17 33 59588
17 34 55125
17 35 75265
17 36 99042
17 37 81335
17 38 69275
17 39 88314
17 40 58920
17 41 55928
17 42 70472
17 43 15807
17 44 69082
17 45 94441
17 46 1832
17 47 78899
17 48 6651
17 49 43620
18 1 75005
18 2 31456
18 3 39170
18 4 69022
18 5 84554
18 6 97877
18 7 17671
18 8 24022
18 9 75402
18 10 96400
18 11 87883
18 12 3476
18 13 77571
18 14 67661
18 15 76865
18 16 40031
18 17 54974
18 19 40305
18 20 21562
18 21 3446
18 22 22480
18 23 20722
18 24 60381
18 25 33496
18 26 30095
18 27 33119
18 28 57154
18 29 33787
18 30 34315
18 31 76372
18 32 5414
18 33 30091
18 34 32325
18 35 85170
18 36 16650
18 37 79434
18 38 6419
18 39 50020
18 40 49997
18 41 14942
18 42 76107
18 43 59582
18 44 38235
18 45 84890
18 46 12976
18 47 54128
18 48 70327
18 49 46529
19 1 79308
19 2 34105
19 3 44070
19 4 7114
19 5 66042
19 6 88567
19 7 84487
19 8 61678
19 9 843
19 10 4764
19 11 24316
19 12 35534
19 13 8297
19 14 68338
19 15 59321
19 16 45496
19 17 65331
19 18 40305
19 20 8088
19 21 73581
19 22 31291
19 23 71049
19 24 99168
19 25 99848
19 26 48428
19 27 83287
19 28 73310
19 29 53154
19 30 91531
19 31 13959
19 32 60951
19 33 52726
19 34 40834
19 35 72025
19 36 84670
19 37 38252
19 38 38458
19 39 75788
19 40 39253
19 41 25974
19 42 69324
19 43 54529
19 44 1640
19 45 8123
19 46 30429
19 47 11456
19 48 14028
19 49 7235
20 1 65392
20 2 8382
20 3 12816
20 4 78575
20 5 84434
20 6 14064
20 7 89028
20 8 44802
20 9 8084
20 10 5108
20 11 78939
20 12 50117
20 13 67118
20 14 97644
20 15 65236
20 16 81848
20 17 36899
20 18 21562
20 19 8088
20 21 40200
20 22 58719
20 23 49836
20 24 73659
20 25 34421
20 26 77165
20 27 85833
20 28 5127
20 29 96420
20 30 79063
20 31 63922
20 32 71005
20 33 98916
20 34 47013
20 35 2717
20 36 90885
20 37 64301
20 38 81593
20 39 88497
20 40 44799
20 41 8929
20 42 32065
20 44 80121
20 45 7930
20 46 37823
20 47 31923
20 48 92803
20 49 13458
21 1 22160
21 2 78593
21 3 39302
21 4 9605
21 6 89155
21 7 5722
21 8 42998
21 9 74186
21 10 60315
21 11 57326
21 12 31901
21 13 56863
21 14 64729
21 15 77590
21 16 47212
21 17 69087
21 18 3446
21 19 73581
21 20 40200
21 22 72093
21 23 25153
21 24 44976
21 25 91067
21 26 93338
21 27 10602
21 28 57827
21 29 86161
21 30 61544
21 31 37104
21 32 26392
21 33 32076
21 34 6383
21 35 72251
21 36 74650
21 37 16769
21 38 42755
21 39 75700
21 40 66867
21 41 28314
21 42 26408
21 43 99265
21 44 99325
21 45 85594
21 46 26347
21 47 24482
21 48 68874
21 49 22817
22 1 1474
22 2 58950
22 3 64673
22 4 473
22 5 51687
22 6 52753
22 7 60874
22 8 42723
22 9 68388
22 10 90711
22 11 3908
22 12 66255
22 13 71377
22 14 42822
22 15 17843
22 16 33184
22 17 41338
22 18 22480
22 19 31291
22 20 58719
22 21 72093
22 23 69989
22 24 69245
22 25 91374
22 26 38414
22 27 14910
22 28 24426
22 29 66598
22 30 35308
22 31 48738
22 32 63022
22 33 57025
22 34 99590
22 35 51465
22 36 22911
22 37 13462
22 38 43611
22 39 67318
22 40 18268
22 41 49270
22 42 23729
22 43 61978
22 44 90964
22 45 76215
22 46 46287
22 47 6831
22 48 24568
22 49 15524
23 1 13858
23 2 84295
23 3 62281
23 4 21612
23 5 88715
23 6 79627
23 7 8010
23 8 21876
23 9 83070
23 10 47526
23 11 97795
23 12 20615
23 13 46508
23 14 27200
23 15 86460
23 16 45781
23 17 94850
23 18 20722
23 19 71049
23 20 49836
23 21 25153
23 22 69989
23 24 79272
23 25 41031
23 26 67038
23 27 66305
23 28 54654
23 29 84623
23 30 16847
23 31 19334
23 32 52913
23 33 49894
23 34 32475
23 35 97330
23 36 6832
23 37 72320
23 38 448
23 39 24141
23 40 7859
23 41 41700
23 42 84312
23 43 29572
23 44 51359
23 45 86102
23 46 58815
23 47 50746
23 48 62091
23 49 12517
24 1 71705
24 2 79740
24 3 21158
24 4 74447
24 5 58910
24 7 93027
24 8 95466
24 9 42731
24 10 346
24 11 28803
24 12 59450
24 13 23745
24 14 44514
24 15 85483
24 16 16740
24 17 39551
24 18 60381
24 19 99168
24 20 73659
24 21 44976
24 22 69245
24 23 79272
24 26 78972
24 27 33258
24 28 21391
24 29 58731
24 30 17923
24 31 51630
24 32 54109
24 33 52227
24 34 5920
24 35 936
24 36 89784
24 37 9988
24 38 23656
24 39 38870
24 40 57597
24 41 58848
24 42 3699
24 43 37270
24 44 74025
24 45 24424
24 46 17444
24 47 99273
24 48 4620
24 49 9956
25 1 49713
25 2 34011
25 3 26955
25 4 51673
25 5 9471
25 6 745
25 7 7397
25 8 31362
25 9 2590
25 10 42780
25 11 1621
25 12 87176
25 13 37582
25 14 61050
25 15 84861
25 16 35874
25 17 85032
25 18 33496
25 19 99848
25 20 34421
25 21 91067
25 22 91374
25 23 41031
25 26 34846
25 27 13992
25 28 62250
25 29 5820
25 30 50379
25 31 63478
25 32 52730
25 33 26612
25 34 57054
25 35 35865
25 36 87801
25 37 26400
25 38 24942
25 40 51860
25 41 17126
25 42 77230
25 43 92097
25 44 24749
25 45 57018
25 46 68306
25 47 98360
25 48 19463
25 49 67333
26 1 83215
26 2 80593
26 3 65280
26 4 59965
26 5 43229
26 6 51680
26 7 62495
26 8 72525
26 9 62241
26 10 1291
26 11 52506
26 12 46902
26 13 50868
26 14 42222
26 15 52586
26 16 58588
26 17 70464
26 18 30095
26 19 48428
26 20 77165
26 21 93338
26 22 38414
26 23 67038
26 24 78972
26 25 34846
26 27 88558
26 28 71657
26 29 27333
26 30 21011
26 31 48009
26 32 32570
26 33 59759
26 34 14446
26 35 10191
26 36 35176
26 37 55242
26 38 79059
26 39 85602
26 40 78521
26 41 45245
26 42 2406
26 43 90500
26 44 99765
26 45 8474
26 46 97463
26 47 32754
26 48 78879
26 49 21784
27 1 10700
27 2 96923
27 3 66572
27 4 99127
27 5 37137
27 6 21487
27 7 88353
27 8 65060
27 9 77377
27 10 40555
27 11 73875
27 12 7504
27 13 98698
27 14 57955
27 15 22688
27 16 7306
27 17 40506
27 18 33119
27 19 83287
27 20 85833
27 21 10602
27 22 14910
27 23 66305
27 24 33258
27 25 13992
27 26 88558
27 28 66799
27 29 49554
27 30 66111
27 31 14950
27 32 30703
27 33 16859
27 34 76195
27 35 94865
27 36 42516
27 37 38875
27 38 29901
27 39 35247
27 40 40931
27 41 25968
27 42 87723
27 43 38876
27 44 26773
27 45 27990
27 46 29699
27 48 72864
27 49 99647
28 1 90763
28 2 16789
28 3 71878
28 4 42761
28 5 52459
28 6 21188
28 7 64704
28 8 55489
28 9 50521
28 10 95435
28 11 99665
28 12 16579
28 13 65656
28 14 51563
28 15 80813
28 16 8018
28 17 66219
28 18 57154
28 19 73310
28 20 5127
28 21 57827
28 22 24426
28 23 54654
28 24 21391
28 25 62250
28 26 71657
28 27 66799
28 29 28470
28 30 17827
28 31 54228
28 32 17640
28 33 32974
28 34 55766
28 35 52517
28 36 19144
28 38 7999
28 39 4227
28 40 96932
28 41 91588
28 42 43716
28 43 92076
28 44 41654
28 45 82566
28 46 33411
28 47 28280
28 48 75441
28 49 49166
29 1 25541
29 2 50427
29 3 47905
29 4 52588
29 5 28275
29 6 90360
29 8 4354
29 9 53680
29 10 7904
29 11 33170
29 12 14122
29 13 88519
29 14 6798
29 15 62445
29 16 88356
29 17 48564
29 18 33787
29 19 53154
29 20 96420
29 21 86161
29 22 66598
29 23 84623
29 24 58731
29 25 5820
29 26 27333
29 27 49554
29 28 28470
29 30 20219
29 31 32520
29 32 52441
29 33 27417
29 34 50801
29 35 33444
29 36 99146
29 37 65651
29 38 54061
29 39 39576
29 40 87213
29 41 71852
29 42 79990
29 43 48584
29 44 54282
29 45 52389
29 46 14785
29 47 95926
29 48 78448
29 49 28401
30 1 99499
30 2 94636
30 3 42737
30 4 70945
30 5 20924
30 6 71771
30 7 22624
30 8 82437
30 9 84647
30 10 96151
30 11 91750
30 12 28651
30 13 34458
30 14 59474
30 15 35716
30 16 3688
30 17 3538
30 18 34315
30 19 91531
30 20 79063
30 21 61544
30 22 35308
30 23 16847
30 24 17923
30 25 50379
30 26 21011
30 27 66111
30 28 17827
30 29 20219
30 31 5828
30 32 17888
30 33 21381
30 34 30981
30 35 80958
30 36 24776
30 37 7930
30 38 99928
30 39 96828
30 40 26603
30 41 49877
30 42 84500
30 43 31168
30 44 26300
30 45 40469
30 46 47144
30 47 42185
30 48 54195
30 49 78592
31 1 85870
31 2 69925
31 3 85889
31 4 1211
31 5 11774
31 6 20664
31 7 21161
31 8 97499
31 9 5565
31 10 54408
31 11 57338
31 12 26751
31 13 22443
31 14 41437
31 15 92167
31 16 40345
31 17 92575
31 18 76372
31 19 13959
31 20 63922
31 21 37104
31 22 48738
31 23 19334
31 24 51630
31 25 63478
31 26 48009
31 27 14950
31 28 54228
31 29 32520
31 30 5828
31 32 1629
31 33 38038
31 34 3949
31 35 64240
31 36 17177
31 37 12766
31 38 62242
31 39 15436
31 40 74530
31 41 9752
31 42 66664
31 43 5966
31 44 50878
31 45 1136
31 46 93981
31 47 41914
31 48 5671
31 49 75261
32 1 78491
32 2 70366
32 3 2413
32 4 69628
32 5 24597
32 6 29172
32 7 83897
32 8 19243
32 9 89184
32 10 98926
32 11 24111
32 12 43384
32 13 14107
32 14 53613
32 15 30624
32 16 49170
32 17 35266
32 18 5414
32 19 60951
32 20 71005
32 21 26392
32 22 63022
32 23 52913
32 24 54109
32 25 52730
32 26 32570
32 27 30703
32 28 17640
32 29 52441
32 30 17888
32 31 1629
32 33 18565
32 34 54221
32 35 72698
32 36 40900
32 37 62237
32 38 73624
32 39 66464
32 40 9889
32 41 30733
32 42 98859
32 43 70537
32 44 11314
32 45 85239
32 46 87600
32 47 29175
32 48 27843
32 49 36643
33 1 90002
33 2 13233
33 3 17207
33 4 16999
33 5 85212
33 6 72280
33 7 90584
33 8 27334
33 9 1191
33 10 73431
33 11 20784
33 12 72179
33 13 37367
33 14 31450
33 15 82703
33 16 30087
33 17 59588
33 18 30091
33 19 52726
33 20 98916
33 21 32076
33 22 57025
33 23 49894
33 24 52227
33 25 26612
33 26 59759
33 27 16859
33 28 32974
33 29 27417
33 30 21381
33 31 38038
33 32 18565
33 34 55739
33 35 2985
33 36 94795
33 37 70750
33 38 83706
33 39 95133
33 40 28778
33 41 20446
33 42 65447
33 43 99025
33 44 48641
33 45 80811
33 46 64158
33 47 23979
33 48 97363
33 49 98885
34 1 36851
34 2 86967
34 3 42300
34 4 32196
34 5 80420
34 6 8083
34 7 84584
34 8 39374
34 9 37820
34 10 22341
34 11 84996
34 12 78013
34 13 4022
34 14 73887
34 15 48941
34 16 45885
34 17 55125
34 18 32325
34 19 40834
34 20 47013
34 21 6383
34 22 99590
34 23 32475
34 24 5920
34 25 57054
34 26 14446
34 27 76195
34 28 55766
34 29 50801
34 30 30981
34 31 3949
34 32 54221
34 33 55739
34 35 53715
34 36 33212
34 37 18350
34 38 25395
34 39 99118
34 40 45796
34 41 74657
34 42 68131
34 43 68729
34 44 28516
34 45 64043
34 46 10058
34 47 77795
34 48 69509
34 49 4938
35 1 91247
35 2 71698
35 3 66396
35 4 64040
35 5 61685
35 6 56261
35 7 8111
35 8 80168
35 9 31969
35 10 39467
35 11 13836
35 12 85197
35 13 62936
35 14 13555
35 15 73613
35 16 25029
35 17 75265
35 18 85170
35 19 72025
35 20 2717
35 21 72251
35 22 51465
35 23 97330
35 24 936
35 25 35865
35 26 10191
35 27 94865
35 28 52517
35 29 33444
35 30 80958
35 31 64240
35 32 72698
35 33 2985
35 34 53715
35 36 75607
35 37 48760
35 38 94643
35 39 32549
35 40 76068
35 41 9807
35 42 12185
35 43 4004
35 44 67608
35 45 36635
35 46 21815
35 47 42492
35 48 35112
35 49 75003
36 1 69038
36 2 15798
36 3 42089
36 4 81485
36 5 82598
36 6 27425
36 7 74658
36 8 72456
36 9 58151
36 10 87742
36 11 1533
36 12 94614
36 13 26874
36 14 95215
36 15 20009
36 16 11751
36 17 99042
36 18 16650
36 19 84670
36 20 90885
36 21 74650
36 22 22911
36 23 6832
36 24 89784
36 25 87801
36 26 35176
36 27 42516
36 28 19144
36 29 99146
36 30 24776
36 31 17177
36 32 40900
36 33 94795
36 34 33212
36 35 75607
36 37 53084
36 38 17944
36 39 94732
36 40 95585
36 41 69939
36 42 53024
36 43 56424
36 44 80956
36 45 37108
36 46 51673
36 47 15777
36 48 34528
36 49 17477
37 1 33259
37 2 85229
37 3 98947
37 4 30953
37 5 12296
37 6 81494
37 7 31505
37 8 11544
37 9 31618
37 10 40640
37 11 38682
37 12 58932
37 13 94880
37 14 11759
37 15 23355
37 16 1409
37 17 81335
37 18 79434
37 19 38252
37 20 64301
37 21 16769
37 22 13462
37 23 72320
37 24 9988
37 25 26400
37 26 55242
37 27 38875
37 29 65651
37 30 7930
37 31 12766
37 32 62237
37 33 70750
37 34 18350
37 35 48760
37 36 53084
37 38 41530
37 39 83021
37 40 76539
37 41 75479
37 42 50034
37 43 30132
37 44 33938
37 45 67218
37 46 49495
37 47 26922
37 48 94808
37 49 91180
38 1 68564
38 2 93143
38 3 3651
38 4 89618
38 5 26603
38 6 88561
38 7 14875
38 8 91321
38 9 70199
38 10 50244
38 11 5248
38 12 91875
38 13 94270
38 14 75561
38 15 32446
38 16 90640
38 17 69275
38 18 6419
38 19 38458
38 20 81593
38 21 42755
38 22 43611
38 23 448
38 24 23656
38 25 24942
38 26 79059
38 27 29901
38 28 7999
38 29 54061
38 30 99928
38 31 62242
38 32 73624
38 33 83706
38 34 25395
38 35 94643
38 36 17944
38 37 41530
38 39 12267
38 40 60265
38 41 4147
38 42 85956
38 43 89975
38 44 33466
38 45 34497
38 46 88227
38 47 12601
38 48 86044
38 49 41182
39 1 5820
39 2 53392
39 3 28079
39 4 50246
39 5 55708
39 6 29215
39 7 84402
39 8 40789
39 9 17048
39 10 47397
39 11 93724
39 12 93477
39 13 85418
39 14 98285
39 15 53966
39 16 80974
39 17 88314
39 18 50020
39 19 75788
39 20 88497
39 21 75700
39 22 67318
39 23 24141
39 24 38870
39 26 85602
39 27 35247
39 28 4227
39 29 39576
39 30 96828
39 31 15436
39 32 66464
39 33 95133
39 34 99118
39 35 32549
39 36 94732
39 37 83021
39 38 12267
39 40 96891
39 41 42290
39 42 15063
39 43 64748
39 44 90547
39 45 23196
39 46 27947
39 47 11255
39 48 36779
39 49 94853
40 1 77629
40 2 88665
40 3 32568
40 4 19534
40 5 72302
40 6 46689
40 7 5118
40 8 2726
40 9 94975
40 10 15366
40 11 36547
40 12 89546
40 13 13711
40 14 62539
40 15 30616
40 16 87406
40 17 58920
40 18 49997
40 19 39253
40 20 44799
40 21 66867
40 22 18268
40 23 7859
40 24 57597
40 25 51860
40 26 78521
40 27 40931
40 28 96932
40 29 87213
40 30 26603
40 31 74530
40 32 9889
40 33 28778
40 34 45796
40 35 76068
40 36 95585
40 37 76539
40 38 60265
40 39 96891
40 41 52444
40 42 61748
40 43 51675
40 44 26842
40 45 32426
40 46 88569
40 47 73730
40 48 14733
40 49 66636
41 1 88519
41 2 70208
41 3 25738
41 4 1188
41 5 93297
41 6 81692
41 7 34722
41 8 30037
41 9 76675
41 10 88819
41 11 86485
41 12 96430
41 13 97030
41 14 77352
41 15 17511
41 16 84456
41 17 55928
41 18 14942
41 19 25974
41 20 8929
41 21 28314
41 22 49270
41 23 41700
41 24 58848
41 25 17126
41 26 45245
41 27 25968
41 28 91588
41 29 71852
41 30 49877
41 31 9752
41 32 30733
41 33 20446
41 34 74657
41 35 9807
41 36 69939
41 37 75479
41 38 4147
41 39 42290
41 40 52444
41 42 63853
41 43 9969
41 44 14491
41 45 98374
41 46 72826
41 47 99762
41 48 42712
41 49 30593
42 1 15327
42 2 67827
42 3 77695
42 4 22994
42 5 53282
42 6 18494
42 7 30635
42 8 40772
42 9 47869
42 10 30722
42 11 65546
42 12 35296
42 13 80867
42 14 26380
42 15 86494
42 16 83490
42 17 70472
42 18 76107
42 19 69324
42 20 32065
42 21 26408
42 22 23729
42 23 84312
42 24 3699
42 25 77230
42 26 2406
42 27 87723
42 28 43716
42 29 79990
42 30 84500
42 31 66664
42 32 98859
42 33 65447
42 34 68131
42 35 12185
42 36 53024
42 37 50034
42 38 85956
42 39 15063
42 40 61748
42 41 63853
42 43 5402
42 44 25293
42 45 36988
42 46 67189
42 47 23835
42 48 5955
42 49 58436
43 1 25077
43 2 53144
43 4 7072
43 5 58410
43 6 12606
43 7 41003
43 8 41827
43 9 88235
43 10 17347
43 11 43935
43 12 21351
43 13 70942
43 15 59822
43 16 24294
43 17 15807
43 18 59582
43 19 54529
43 21 99265
43 22 61978
43 23 29572
43 24 37270
43 25 92097
43 26 90500
43 27 38876
43 28 92076
43 29 48584
43 30 31168
43 31 5966
43 32 70537
43 33 99025
43 34 68729
43 35 4004
43 36 56424
43 37 30132
43 38 89975
43 39 64748
43 40 51675
43 41 9969
43 42 5402
43 44 85208
43 45 3860
43 46 74259
43 47 47130
43 48 40319
43 49 24384
44 1 13348
44 2 45092
44 3 35706
44 4 73152
44 5 21731
44 6 96710
44 7 64724
44 8 80936
44 9 44564
44 11 16264
44 12 73481
44 13 11625
44 14 9727
44 15 95682
44 16 78954
44 17 69082
44 18 38235
44 19 1640
44 20 80121
44 21 99325
44 22 90964
44 23 51359
44 24 74025
44 25 24749
44 26 99765
44 27 26773
44 28 41654
44 29 54282
44 30 26300
44 31 50878
44 32 11314
44 33 48641
44 34 28516
44 35 67608
44 36 80956
44 37 33938
44 38 33466
44 39 90547
44 40 26842
44 41 14491
44 42 25293
44 43 85208
44 45 28392
44 46 85127
44 47 43537
44 48 94986
44 49 27743
45 1 8641
45 2 12670
45 3 7100
45 4 41288
45 5 79654
45 6 10817
45 7 96169
45 8 66091
45 9 12035
45 10 23254
45 11 23312
45 12 37233
45 13 10200
45 14 75223
45 15 99323
45 16 96847
45 17 94441
45 18 84890
45 19 8123
45 20 7930
45 21 85594
45 22 76215
45 23 86102
45 24 24424
45 25 57018
45 26 8474
45 27 27990
45 28 82566
45 29 52389
45 30 40469
45 31 1136
45 32 85239
45 33 80811
45 34 64043
45 35 36635
45 36 37108
45 37 67218
45 38 34497
45 39 23196
45 40 32426
45 41 98374
45 42 36988
45 43 3860
45 44 28392
45 46 1889
45 47 60988
45 48 66396
45 49 77359
46 1 3341
46 2 20636
46 3 17264
46 4 97951
46 5 15037
46 6 66033
46 7 31234
46 8 87127
46 9 11582
46 10 72304
46 11 19350
46 12 43605
46 13 70781
46 14 81236
46 15 99457
46 16 21516
46 17 1832
46 18 12976
46 19 30429
46 20 37823
46 21 26347
46 22 46287
46 23 58815
46 24 17444
46 25 68306
46 26 97463
46 27 29699
46 28 33411
46 29 14785
46 30 47144
46 31 93981
46 32 87600
46 33 64158
46 34 10058
46 35 21815
46 36 51673
46 37 49495
46 38 88227
46 39 27947
46 40 88569
46 41 72826
46 42 67189
46 43 74259
46 44 85127
46 45 1889
46 47 7772
46 48 56544
46 49 15449
47 1 65632
47 2 27281
47 3 84953
47 4 57232
47 5 85099
47 6 37184
47 7 39781
47 8 89450
47 9 46432
47 10 80625
47 11 65519
47 12 62026
47 13 10940
47 14 74150
47 15 78295
47 16 6384
47 17 78899
47 18 54128
47 19 11456
47 20 31923
47 21 24482
47 22 6831
47 23 50746
47 24 99273
47 25 98360
47 26 32754
47 28 28280
47 29 95926
47 30 42185
47 31 41914
47 32 29175
47 33 23979
47 34 77795
47 35 42492
47 36 15777
47 37 26922
47 38 12601
47 39 11255
47 40 73730
47 41 99762
47 42 23835
47 43 47130
47 44 43537
47 45 60988
47 46 7772
47 48 44359
47 49 79952
48 1 88357
48 2 66485
48 3 87656
48 4 54360
48 5 6940
48 6 54030
48 7 43632
48 8 39721
48 9 33699
48 10 10552
48 11 57736
48 12 8199
48 13 66941
48 14 11225
48 15 33052
48 16 65137
48 17 6651
48 18 70327
48 19 14028
48 20 92803
48 21 68874
48 22 24568
48 23 62091
48 24 4620
48 25 19463
48 26 78879
48 27 72864
48 28 75441
48 29 78448
48 30 54195
48 31 5671
48 32 27843
48 33 97363
48 34 69509
48 35 35112
48 36 34528
48 37 94808
48 38 86044
48 39 36779
48 40 14733
48 41 42712
48 42 5955
48 43 40319
48 44 94986
48 45 66396
48 46 56544
48 47 44359
48 49 97609
1 t 14199
2 t 19627
3 t 6909
4 t 97946
5 t 95179
6 t 55610
7 t 26440
8 t 31206
9 t 55558
10 t 23730
11 t 5495
12 t 34021
13 t 18046
14 t 8935
15 t 11836
16 t 50306
17 t 43620
18 t 46529
19 t 7235
20 t 13458
21 t 22817
22 t 15524
23 t 12517
24 t 9956
25 t 67333
26 t 21784
27 t 99647
28 t 49166
29 t 28401
30 t 78592
31 t 75261
32 t 36643
33 t 98885
34 t 4938
35 t 75003
36 t 17477
37 t 91180
38 t 41182
39 t 94853
40 t 66636
41 t 30593
42 t 58436
43 t 24384
44 t 27743
45 t 77359
46 t 15449
47 t 79952
48 t 97609
