s 1 3081
s 2 3218
s 3 4649
s 4 3573
s 5 3669
s 6 4901
s 8 3591
s 9 4775
s 10 3512
s 11 2137
s 12 4169
s 13 3352
s 14 3951
s 15 4402
s 16 4528
s 17 4202
s 18 4678
s 19 2735
s 20 2743
s 21 4215
s 22 3136
s 23 3467
s 24 2078
s 25 3510
s 26 3398
s 27 2448
s 28 2655
s 30 4126
s 31 4844
s 32 4295
s 33 4834
s 34 4824
s 35 3377
s 36 3312
s 37 2450
s 38 3290
s 39 2576
s 40 4588
s 41 4454
s 42 2715
s 43 3476
s 44 4019
s 45 4172
s 46 3540
s 47 3005
s 48 4771
s 49 4419
1 2 2917
1 3 4246
1 4 2416
1 5 2119
1 6 2059
1 7 2753
1 8 4931
1 9 4866
1 10 4235
1 11 3871
1 12 2231
1 14 3456
1 15 3710
1 16 3568
1 17 4230
1 18 2572
1 19 3005
1 20 4435
1 21 3281
1 22 3897
1 23 2261
1 24 4219
1 25 3980
1 26 3807
1 27 2381
1 28 2058
1 29 3920
1 30 3495
1 31 4572
1 32 4298
1 33 3037
1 34 3721
1 35 3612
1 36 4977
1 37 3126
1 38 2027
1 39 4126
1 40 2395
1 41 2605
1 42 2259
1 43 2115
1 44 3387
1 45 2368
1 46 2021
1 47 4246
1 48 2439
1 49 2382
2 1 2917
2 3 2243
2 4 4646
2 5 4608
2 6 3654
2 7 4590
2 8 4052
2 9 4659
2 10 4447
2 11 4817
2 12 4385
2 13 2354
2 14 2382
2 15 3107
2 16 4748
2 17 4119
2 18 2548
2 19 3154
2 20 4117
2 21 4726
2 22 2331
2 23 3803
2 24 2670
2 25 4854
2 26 2252
2 27 2668
2 28 2471
2 29 2118
2 30 2243
2 31 4154
2 32 3028
2 33 2946
2 34 3093
2 35 3094
2 36 4883
2 37 2432
2 38 3690
2 39 3935
2 40 2460
2 41 3643
2 42 3639
2 43 2306
2 44 4328
2 45 4527
2 46 2155
2 47 2481
2 48 4573
2 49 2354
3 1 4246
3 2 2243
3 4 3045
3 5 4398
3 6 3336
3 7 3266
3 8 3161
3 9 4291
3 10 4329
3 11 3492
3 12 4248
3 13 3271
3 14 3244
3 15 4730
3 16 2103
3 17 4770
3 18 3297
3 19 4991
3 20 4305
3 21 4582
3 22 3802
3 23 3941
3 24 4699
3 25 3323
3 26 4138
3 27 3799
3 28 2191
3 29 4505
3 30 2856
3 31 2615
3 32 2637
3 33 4686
3 34 2412
3 35 2684
3 36 3212
3 37 3127
3 38 3459
3 39 3068
3 40 2192
3 41 2236
3 42 2161
3 43 2337
3 44 3524
3 45 4616
3 46 2388
3 47 2726
3 48 3950
3 49 4787
4 1 2416
4 2 4646
4 3 3045
4 5 3524
4 6 2804
4 7 3209
4 8 2676
4 9 4254
4 10 2851
4 11 4680
4 12 4390
4 13 2556
4 14 2076
4 15 4419
4 16 4523
4 17 3779
4 18 3566
4 19 3036
4 20 2064
4 21 4284
4 22 3925
4 23 3807
4 24 4963
4 25 2005
4 26 4045
4 27 2806
4 28 4125
4 29 4589
4 31 2422
4 32 4338
4 33 4008
4 34 3814
4 35 3080
4 36 2545
4 37 3091
4 38 3270
4 39 2945
4 40 4250
4 41 4149
4 42 2093
4 43 4430
4 44 3075
4 45 3767
4 46 2072
4 47 2433
4 48 3576
4 49 2432
5 1 2119
5 2 4608
5 3 4398
5 4 3524
5 6 4195
5 7 2284
5 8 3453
5 9 4659
5 10 3842
5 11 2630
5 12 2189
5 13 3438
5 14 2349
5 15 2526
5 16 4959
5 17 2943
5 18 2569
5 19 3854
5 20 4232
5 21 2239
5 22 2095
5 23 4646
5 24 4031
5 25 3295
5 26 3727
5 27 2783
5 28 4930
5 29 3632
5 30 3085
5 31 3001
5 32 2458
5 33 4826
5 34 3286
5 35 3128
5 36 4533
5 37 2731
5 38 2056
5 39 3891
5 40 4971
5 42 3863
5 43 4522
5 44 2315
5 45 4820
5 46 3112
5 47 4429
5 48 3125
6 1 2059
6 2 3654
6 3 3336
6 4 2804
6 5 4195
6 7 2076
6 8 3682
6 9 3133
6 10 2239
6 11 2069
6 12 4879
6 13 2217
6 14 3926
6 15 3981
6 16 3297
6 17 4628
6 18 4764
6 19 3624
6 20 2360
6 21 4746
6 22 4402
6 23 4089
6 24 2258
6 25 2163
6 26 2810
6 27 4327
6 28 2014
6 29 2952
6 30 2029
6 31 4898
6 32 3960
6 33 2663
6 34 2019
6 35 4174
6 36 4174
6 37 3906
6 38 2131
6 39 4132
6 40 3760
6 41 3754
6 42 3199
6 43 2131
6 44 4299
6 45 2029
6 46 2588
6 47 3387
6 48 4922
6 49 4175
7 1 2753
7 2 4590
7 3 3266
7 4 3209
7 5 2284
7 6 2076
7 8 3658
7 9 2192
7 10 3158
7 11 2282
7 12 2429
7 13 2978
7 14 2973
7 15 4602
7 16 3000
7 17 3890
7 18 2292
7 19 2160
7 20 2859
7 21 3185
7 22 3863
7 23 2142
7 24 4898
7 25 3111
7 26 2698
7 27 4661
7 28 3612
7 29 2420
7 30 2666
7 31 3745
7 32 4700
7 33 2401
7 34 3590
7 35 2438
7 36 4073
7 37 4084
7 38 3128
7 39 2216
7 40 4617
7 41 4690
7 42 4233
7 43 4710
7 44 4571
7 45 2961
7 46 4407
7 47 2100
7 48 3049
7 49 2310
8 1 4931
8 2 4052
8 3 3161
8 4 2676
8 5 3453
8 6 3682
8 7 3658
8 9 3412
8 10 2787
8 11 4145
8 12 4245
8 13 2576
8 14 3188
8 15 4216
8 16 4187
8 17 3179
8 18 2890
8 19 2146
8 20 3064
8 21 3564
8 22 4946
8 23 2096
8 24 2582
8 25 4461
8 26 2459
8 27 3518
8 28 4229
8 29 3468
8 30 4984
8 31 4641
8 32 2283
8 33 4162
8 34 4089
8 35 4611
8 36 3977
8 37 4169
8 38 4405
8 39 4728
8 40 4952
8 41 3564
8 42 3560
8 43 4622
8 44 4913
8 45 3314
8 46 3580
8 47 3475
8 48 2199
8 49 2423
9 1 4866
9 2 4659
9 3 4291
9 4 4254
9 5 4659
9 6 3133
9 7 2192
9 8 3412
9 10 4682
9 11 3900
9 12 4680
9 13 3460
9 15 3831
9 16 4033
9 17 4287
9 18 4696
9 19 4866
9 20 3221
9 21 4999
9 22 4383
9 23 2597
9 24 3231
9 25 4077
9 26 2113
9 27 3254
9 28 2165
9 29 3022
9 30 3537
9 31 3507
9 32 4401
9 33 3815
9 34 2161
9 35 2029
9 36 3539
9 37 2886
9 38 4191
9 39 3347
9 40 3835
9 41 3228
9 42 4498
9 43 4332
9 44 4473
9 45 3648
9 46 3489
9 47 4414
9 48 2215
9 49 3333
10 1 4235
10 2 4447
10 3 4329
10 4 2851
10 5 3842
10 6 2239
10 7 3158
10 8 2787
10 9 4682
10 11 3971
10 12 4986
10 13 2214
10 14 2681
10 15 3552
10 16 2233
10 17 4391
10 18 4942
10 19 4403
10 20 3258
10 21 3465
10 22 4400
10 23 4501
10 24 2032
10 25 3271
10 26 4766
10 27 3464
10 28 3594
10 29 3868
10 30 2709
10 31 4323
10 32 3051
10 33 2443
10 34 4234
10 35 2063
10 36 4946
10 37 4857
10 38 4908
10 39 2889
10 40 2287
10 41 4542
10 42 3104
10 43 2608
10 44 3918
10 45 3205
10 46 3006
10 47 3312
10 48 3839
10 49 3654
11 1 3871
11 2 4817
11 3 3492
11 4 4680
11 5 2630
11 6 2069
11 7 2282
11 8 4145
11 9 3900
11 10 3971
11 12 3270
11 13 4886
11 14 4982
11 15 2230
11 16 3757
11 17 4153
11 18 4200
11 19 3951
11 20 2959
11 21 2843
11 22 3446
11 23 2417
11 24 4224
11 25 4323
11 26 2664
11 27 4625
11 28 4392
11 29 2236
11 30 3056
11 31 2334
11 32 2178
11 33 3284
11 34 3351
11 35 2591
11 36 2273
11 37 3758
11 38 4433
11 39 2885
11 40 3688
11 41 2037
11 42 3884
11 43 4478
11 44 4596
11 45 3091
11 46 4017
11 47 4540
11 48 3292
11 49 4824
12 1 2231
12 2 4385
12 3 4248
12 4 4390
12 5 2189
12 6 4879
12 7 2429
12 8 4245
12 9 4680
12 10 4986
12 11 3270
12 13 3495
12 14 4738
12 16 2536
12 17 3857
12 19 2418
12 20 4265
12 21 4200
12 22 4226
12 23 2217
12 24 3797
12 25 4951
12 26 4266
12 27 3524
12 28 2677
12 29 2484
12 30 2022
12 31 3687
12 32 4888
12 33 4707
12 34 3945
12 35 3718
12 36 2838
12 37 2531
12 38 4337
12 39 2032
12 40 3765
12 41 3365
12 42 4334
12 43 4317
12 44 3452
12 45 4529
12 46 4387
12 47 3751
12 48 3436
12 49 4308
13 2 2354
13 3 3271
13 4 2556
13 5 3438
13 6 2217
13 7 2978
13 8 2576
13 9 3460
13 10 2214
13 11 4886
13 12 3495
13 14 4113
13 15 2934
13 16 4609
13 17 4989
13 18 3917
13 19 3834
13 20 2642
13 21 3251
13 22 2132
13 23 3388
13 24 4047
13 25 2973
13 26 4207
13 27 3595
13 28 3381
13 29 3787
13 30 3674
13 31 4131
13 32 2905
13 33 3599
13 34 4398
13 35 2417
13 36 2439
13 37 3702
13 38 4785
13 39 3661
13 40 4713
13 41 3892
13 42 4403
13 43 4665
13 44 4172
13 45 2237
13 46 3499
13 47 4270
13 49 3923
14 1 3456
14 2 2382
14 3 3244
14 4 2076
14 5 2349
14 6 3926
14 7 2973
14 8 3188
14 10 2681
14 11 4982
14 12 4738
14 13 4113
14 15 4131
14 16 2687
14 18 2033
14 19 2152
14 20 2376
14 21 4590
14 22 3339
14 23 3915
14 24 4829
14 25 3899
14 26 2820
14 27 2843
14 28 4533
14 29 4481
14 30 2988
14 31 3104
14 32 3408
14 33 2758
14 34 3228
14 35 2374
14 36 4241
14 37 4535
14 38 3671
14 39 4028
14 40 4884
14 41 3141
14 42 2757
14 43 4259
14 44 4292
14 45 3202
14 46 3373
14 47 4090
14 48 2640
14 49 2695
15 1 3710
15 2 3107
15 3 4730
15 4 4419
15 5 2526
15 6 3981
15 7 4602
15 8 4216
15 9 3831
15 10 3552
15 11 2230
15 13 2934
15 14 4131
15 16 3484
15 17 2866
15 18 4985
15 19 4399
15 20 4251
15 21 3480
15 22 4275
15 23 3246
15 24 2127
15 25 2109
15 26 2002
15 27 3579
15 28 4137
15 29 4110
15 30 4239
15 31 2454
15 32 4562
15 33 2437
15 34 4253
15 35 3786
15 36 2648
15 37 3397
15 38 4488
15 39 3067
15 40 2097
15 41 4591
15 42 3414
15 43 4070
15 44 3668
15 45 4976
15 46 3024
15 47 2831
15 48 3849
15 49 4671
16 1 3568
16 2 4748
16 3 2103
16 4 4523
16 5 4959
16 6 3297
16 7 3000
16 8 4187
16 9 4033
16 10 2233
16 11 3757
16 12 2536
16 13 4609
16 14 2687
16 15 3484
16 17 2962
16 18 4118
16 19 2431
16 20 2259
16 21 2530
16 22 4008
16 23 3044
16 24 2110
16 25 4106
16 26 3137
16 27 3959
16 28 4766
16 29 4487
16 30 4901
16 31 3160
16 32 2535
16 33 4769
16 34 4006
16 35 3391
16 36 2561
16 37 2572
16 38 2639
16 39 4899
16 40 4891
16 41 4384
16 42 3335
16 43 2241
16 44 4541
16 45 3258
16 46 4600
16 47 2634
16 48 3717
16 49 2805
17 1 4230
17 2 4119
17 3 4770
17 4 3779
17 5 2943
17 6 4628
17 7 3890
17 8 3179
17 9 4287
17 10 4391
17 11 4153
17 12 3857
17 13 4989
17 15 2866
17 16 2962
17 18 4560
17 19 4111
17 20 2920
17 21 2495
17 22 3399
17 23 4544
17 24 3097
17 25 2974
17 26 4471
17 27 3145
17 28 3371
17 29 4546
17 30 4968
17 31 4835
17 32 2876
17 33 3018
17 34 4001
17 35 3374
17 36 3912
17 37 4688
17 38 4254
17 39 3249
17 40 4384
17 41 4331
17 42 4561
17 43 3355
17 44 3730
17 45 2946
17 46 2445
17 47 3972
17 48 4360
17 49 2527
18 1 2572
18 2 2548
18 3 3297
18 4 3566
18 5 2569
18 6 4764
18 7 2292
18 8 2890
18 9 4696
18 10 4942
18 11 4200
18 13 3917
18 14 2033
18 15 4985
18 16 4118
18 17 4560
18 19 4487
18 20 3244
18 21 4317
18 22 2265
18 23 4702
18 24 4104
18 25 2070
18 26 3571
18 27 3024
18 28 2487
18 29 3735
18 30 2769
18 31 2743
18 32 2738
18 33 3098
18 34 2831
18 35 3724
18 36 4467
18 37 4478
18 38 2323
18 39 4244
18 40 3667
18 41 3865
18 42 2117
18 43 3216
18 44 3716
18 45 2644
18 46 4599
18 47 4051
18 48 2826
18 49 2555
19 1 3005
19 2 3154
19 3 4991
19 4 3036
19 5 3854
19 6 3624
19 7 2160
19 8 2146
19 9 4866
19 10 4403
19 11 3951
19 12 2418
19 13 3834
19 14 2152
19 15 4399
19 16 2431
19 17 4111
19 18 4487
19 20 3027
19 21 3522
19 22 2568
19 23 4846
19 24 4496
19 25 3917
19 26 3237
19 27 2334
19 29 3724
19 30 4150
19 31 4276
19 32 2784
19 33 2680
19 34 3745
19 36 4592
19 37 4084
19 38 2575
19 39 3262
19 40 3738
19 41 2401
19 42 4720
19 43 2279
19 44 2903
19 45 2431
19 46 3312
19 47 2859
19 48 4788
19 49 4161
20 1 4435
20 2 4117
20 3 4305
20 4 2064
20 5 4232
20 6 2360
20 7 2859
20 8 3064
20 9 3221
20 10 3258
20 11 2959
20 12 4265
20 13 2642
20 14 2376
20 15 4251
20 16 2259
20 17 2920
20 18 3244
20 19 3027
20 21 4840
20 22 3157
20 23 4394
20 24 2871
20 25 4006
20 26 3147
20 27 4005
20 28 4838
20 29 4551
20 30 2206
20 31 3644
20 32 2694
20 33 3196
20 34 4189
20 35 3185
20 36 4258
20 37 2823
20 38 4208
20 39 3179
20 40 2029
20 41 2173
20 42 3580
20 43 3469
20 44 4043
20 45 4592
20 46 3833
20 47 2184
20 48 2835
20 49 2384
21 1 3281
21 2 4726
21 3 4582
21 4 4284
21 5 2239
21 6 4746
21 7 3185
21 8 3564
21 9 4999
21 10 3465
21 11 2843
21 12 4200
21 13 3251
21 14 4590
21 15 3480
21 16 2530
21 17 2495
21 18 4317
21 19 3522
21 20 4840
21 22 4727
21 23 3264
21 24 4579
21 25 2076
21 26 3229
21 27 4852
21 28 2535
21 29 4866
21 30 4706
21 31 4378
21 32 4909
21 33 2887
21 34 3382
21 35 3659
21 36 2147
21 37 4724
21 38 3508
21 39 2511
21 40 2409
21 41 2040
21 42 2521
21 43 4771
21 44 4154
21 45 3221
21 46 3781
21 47 2670
21 48 2358
21 49 4459
22 1 3897
22 2 2331
22 3 3802
22 4 3925
22 5 2095
22 6 4402
22 7 3863
22 8 4946
22 9 4383
22 10 4400
22 11 3446
22 12 4226
22 13 2132
22 14 3339
22 15 4275
22 16 4008
22 17 3399
22 18 2265
22 19 2568
22 20 3157
22 21 4727
22 23 4644
22 24 4099
22 25 3829
22 26 4739
22 27 3810
22 28 3686
22 29 3139
22 30 2523
22 31 2013
22 32 2654
22 33 4974
22 34 4841
22 35 4967
22 36 4688
22 37 3511
22 38 3649
22 39 2683
22 40 3103
22 41 4890
22 42 2115
22 43 3123
22 44 3370
22 45 3124
22 46 2802
22 47 4714
22 48 2047
22 49 4168
23 1 2261
23 2 3803
23 3 3941
23 4 3807
23 5 4646
23 6 4089
23 7 2142
23 8 2096
23 9 2597
23 10 4501
23 11 2417
23 12 2217
23 13 3388
23 14 3915
23 15 3246
23 16 3044
23 17 4544
23 18 4702
23 19 4846
23 20 4394
23 21 3264
23 22 4644
23 24 2210
23 25 4681
23 26 2011
23 27 2196
23 28 2637
23 29 3866
23 30 2984
23 31 2946
23 32 2595
23 33 3289
23 34 3559
23 35 4313
23 36 4547
23 37 2862
23 38 3794
23 39 4492
23 40 2223
23 41 4826
23 42 3576
23 43 3814
23 44 4839
23 45 2934
23 46 3490
23 47 2283
23 48 3505
23 49 3263
24 1 4219
24 2 2670
24 3 4699
24 4 4963
24 5 4031
24 6 2258
24 7 4898
24 8 2582
24 9 3231
24 10 2032
24 11 4224
24 12 3797
24 13 4047
24 14 4829
24 15 2127
24 16 2110
24 17 3097
24 18 4104
24 19 4496
24 20 2871
24 21 4579
24 22 4099
24 23 2210
24 25 3438
24 26 4164
24 27 2302
24 28 4409
24 29 4962
24 30 4650
24 31 2133
24 32 4144
24 33 3045
24 34 4361
24 35 4482
24 36 2473
24 37 4134
24 38 3459
24 39 2374
24 40 2562
24 41 3653
24 42 3555
24 43 4813
24 44 3701
24 45 4414
24 46 2148
24 47 4106
24 48 2810
24 49 2218
25 1 3980
25 2 4854
25 3 3323
25 4 2005
25 5 3295
25 6 2163
25 7 3111
25 8 4461
25 9 4077
25 10 3271
25 11 4323
25 12 4951
25 13 2973
25 14 3899
25 15 2109
25 16 4106
25 17 2974
25 18 2070
25 19 3917
25 20 4006
25 21 2076
25 22 3829
25 23 4681
25 24 3438
25 26 2446
25 27 2936
25 28 2467
25 29 2335
25 30 2179
25 31 4881
25 32 4426
25 33 2891
25 34 2778
25 35 3268
25 36 4794
25 37 3437
25 38 2670
25 39 2863
25 40 3785
25 41 2433
25 42 2762
25 43 4174
25 44 3571
25 45 2505
25 46 2082
25 47 2368
25 48 2710
25 49 4167
26 1 3807
26 2 2252
26 3 4138
26 4 4045
26 5 3727
26 6 2810
26 7 2698
26 8 2459
26 9 2113
26 10 4766
26 11 2664
26 12 4266
26 13 4207
26 14 2820
26 15 2002
26 16 3137
26 17 4471
26 18 3571
26 19 3237
26 20 3147
26 21 3229
26 22 4739
26 23 2011
26 24 4164
26 25 2446
26 27 2469
26 28 3576
26 29 4876
26 30 3228
26 31 4261
26 32 2481
26 33 2696
26 34 3636
26 35 3264
26 36 2727
26 37 4272
26 38 3522
26 39 4961
26 40 2222
26 41 4291
26 42 2958
26 43 3298
26 44 3216
26 45 4152
26 46 3636
26 47 4336
26 48 2755
26 49 4943
27 1 2381
27 2 2668
27 3 3799
27 4 2806
27 5 2783
27 6 4327
27 7 4661
27 8 3518
27 9 3254
27 10 3464
27 11 4625
27 12 3524
27 13 3595
27 14 2843
27 15 3579
27 16 3959
27 17 3145
27 18 3024
27 19 2334
27 20 4005
27 21 4852
27 22 3810
27 23 2196
27 24 2302
27 25 2936
27 26 2469
27 28 2762
27 29 2958
27 30 2377
27 31 4255
27 32 4531
27 33 2566
27 34 2881
27 35 2255
27 36 3963
27 37 3353
27 38 4431
27 39 3580
27 40 2396
27 41 3192
27 42 4933
27 43 3983
27 44 3846
27 45 3067
27 46 3497
27 47 3596
27 48 3847
27 49 2251
28 1 2058
28 2 2471
28 3 2191
28 4 4125
28 5 4930
28 6 2014
28 7 3612
28 8 4229
28 9 2165
28 10 3594
28 11 4392
28 12 2677
28 13 3381
28 14 4533
28 15 4137
28 16 4766
28 17 3371
28 18 2487
28 20 4838
28 21 2535
28 22 3686
28 23 2637
28 24 4409
28 25 2467
28 26 3576
28 27 2762
28 29 3938
28 30 2552
28 31 2370
28 32 4433
28 33 4941
28 34 2703
28 35 3571
28 36 4803
28 37 4838
28 38 4058
28 39 2980
28 40 2193
28 41 3551
28 42 2224
28 43 2565
28 44 4097
28 45 4608
28 46 4681
28 47 2777
28 48 2268
28 49 2608
29 1 3920
29 2 2118
29 3 4505
29 4 4589
29 5 3632
29 6 2952
29 7 2420
29 8 3468
29 9 3022
29 10 3868
29 11 2236
29 12 2484
29 13 3787
29 14 4481
29 15 4110
29 16 4487
29 17 4546
29 18 3735
29 19 3724
29 20 4551
29 21 4866
29 22 3139
29 23 3866
29 24 4962
29 25 2335
29 26 4876
29 27 2958
29 28 3938
29 30 2497
29 31 4707
29 32 4219
29 33 3517
29 34 2695
29 35 3002
29 36 3700
29 37 4528
29 38 3323
29 39 3979
29 40 3510
29 41 2910
29 42 3852
29 43 3105
29 44 2683
29 45 4038
29 46 2780
29 47 2743
29 48 4084
29 49 2810
30 1 3495
30 2 2243
30 3 2856
30 5 3085
30 6 2029
30 7 2666
30 8 4984
30 9 3537
30 10 2709
30 11 3056
30 12 2022
30 13 3674
30 14 2988
30 15 4239
30 16 4901
30 17 4968
30 18 2769
30 19 4150
30 20 2206
30 21 4706
30 22 2523
30 23 2984
30 24 4650
30 25 2179
30 26 3228
30 27 2377
30 28 2552
30 29 2497
30 31 2039
30 32 3476
30 33 2131
30 34 4301
30 35 3484
30 36 4615
30 37 4991
30 38 3654
30 39 2476
30 40 4381
30 41 3849
30 42 3735
30 43 2551
30 44 2212
30 45 2375
30 46 4942
30 47 2572
30 48 3078
30 49 4747
31 1 4572
31 2 4154
31 3 2615
31 4 2422
31 5 3001
31 6 4898
31 7 3745
31 8 4641
31 9 3507
31 10 4323
31 11 2334
31 12 3687
31 13 4131
31 14 3104
31 15 2454
31 16 3160
31 17 4835
31 18 2743
31 19 4276
31 20 3644
31 21 4378
31 22 2013
31 23 2946
31 24 2133
31 25 4881
31 26 4261
31 27 4255
31 28 2370
31 29 4707
31 30 2039
31 32 4256
31 33 3557
31 34 4253
31 35 3579
31 36 4426
31 37 4983
31 38 2743
31 39 2632
31 40 4200
31 41 3841
31 42 3553
31 43 4918
31 44 2869
31 45 3858
31 46 4908
31 47 4078
31 48 4275
31 49 2264
32 1 4298
32 2 3028
32 3 2637
32 4 4338
32 5 2458
32 6 3960
32 7 4700
32 8 2283
32 9 4401
32 10 3051
32 11 2178
32 12 4888
32 13 2905
32 14 3408
32 15 4562
32 16 2535
32 17 2876
32 18 2738
32 19 2784
32 20 2694
32 21 4909
32 22 2654
32 23 2595
32 24 4144
32 25 4426
32 26 2481
32 27 4531
32 28 4433
32 29 4219
32 30 3476
32 31 4256
32 33 3307
32 34 2378
32 35 3214
32 36 3645
32 37 4726
32 38 4275
32 39 2903
32 40 2986
32 41 2648
32 42 3442
32 43 2984
32 44 2343
32 45 2597
32 46 4790
32 47 2145
32 48 3094
32 49 4413
33 1 3037
33 2 2946
33 3 4686
33 4 4008
33 5 4826
33 6 2663
33 7 2401
33 8 4162
33 9 3815
33 10 2443
33 11 3284
33 12 4707
33 13 3599
33 14 2758
33 15 2437
33 16 4769
33 17 3018
33 18 3098
33 19 2680
33 20 3196
33 21 2887
33 22 4974
33 23 3289
33 24 3045
33 25 2891
33 26 2696
33 27 2566
33 28 4941
33 29 3517
33 30 2131
33 31 3557
33 32 3307
33 34 2467
33 35 3850
33 36 2964
33 37 2816
33 38 2769
33 39 4599
33 40 4063
33 41 3315
33 42 3729
33 43 4511
33 44 4584
33 45 4373
33 46 2840
33 47 3863
33 48 2791
33 49 2066
34 1 3721
34 2 3093
34 3 2412
34 4 3814
34 5 3286
34 6 2019
34 7 3590
34 8 4089
34 9 2161
34 10 4234
34 11 3351
34 12 3945
34 13 4398
34 14 3228
34 15 4253
34 16 4006
34 17 4001
34 18 2831
34 19 3745
34 20 4189
34 21 3382
34 22 4841
34 23 3559
34 24 4361
34 25 2778
34 26 3636
34 27 2881
34 28 2703
34 29 2695
34 30 4301
34 31 4253
34 32 2378
34 33 2467
34 35 3830
34 36 4233
34 37 4920
34 38 2039
34 40 2669
34 41 3380
34 42 3001
34 43 4970
34 44 4633
34 45 3985
34 46 2263
34 47 4434
34 48 2339
34 49 3350
35 1 3612
35 2 3094
35 3 2684
35 4 3080
35 5 3128
35 6 4174
35 7 2438
35 8 4611
35 9 2029
35 10 2063
35 11 2591
35 12 3718
35 13 2417
35 14 2374
35 15 3786
35 16 3391
35 17 3374
35 18 3724
35 20 3185
35 21 3659
35 22 4967
35 23 4313
35 24 4482
35 25 3268
35 26 3264
35 27 2255
35 28 3571
35 29 3002
35 30 3484
35 31 3579
35 32 3214
35 33 3850
35 34 3830
35 36 2464
35 37 2273
35 38 4290
35 39 2033
35 40 3593
35 41 4944
35 42 4450
35 43 4175
35 44 4512
35 45 4758
35 46 4993
35 47 3613
35 48 4741
35 49 4900
36 1 4977
36 2 4883
36 3 3212
36 4 2545
36 5 4533
36 6 4174
36 7 4073
36 8 3977
36 9 3539
36 10 4946
36 11 2273
36 12 2838
36 13 2439
36 14 4241
36 15 2648
36 16 2561
36 17 3912
36 18 4467
36 19 4592
36 20 4258
36 21 2147
36 22 4688
36 23 4547
36 24 2473
36 25 4794
36 26 2727
36 27 3963
36 28 4803
36 29 3700
36 30 4615
36 31 4426
36 32 3645
36 33 2964
36 34 4233
36 35 2464
36 37 4318
36 38 3397
36 39 3654
36 40 2491
36 41 3915
36 42 4435
36 43 4070
36 44 3219
36 45 3195
36 46 3816
36 47 3513
36 48 3266
36 49 4817
37 1 3126
37 2 2432
37 3 3127
37 4 3091
37 5 2731
37 6 3906
37 7 4084
37 8 4169
37 9 2886
37 10 4857
37 11 3758
37 12 2531
37 13 3702
37 14 4535
37 15 3397
37 16 2572
37 17 4688
37 18 4478
37 19 4084
37 20 2823
37 21 4724
37 22 3511
37 23 2862
37 24 4134
37 25 3437
37 26 4272
37 27 3353
37 28 4838
37 29 4528
37 30 4991
37 31 4983
37 32 4726
37 33 2816
37 34 4920
37 35 2273
37 36 4318
37 38 2173
37 39 3754
37 40 2375
37 41 4320
37 42 4756
37 43 3314
37 44 3574
37 45 3762
37 46 3033
37 47 3213
37 48 2899
37 49 4027
38 1 2027
38 2 3690
38 3 3459
38 4 3270
38 5 2056
38 6 2131
38 7 3128
38 8 4405
38 9 4191
38 10 4908
38 11 4433
38 12 4337
38 13 4785
38 14 3671
38 15 4488
38 16 2639
38 17 4254
38 18 2323
38 19 2575
38 20 4208
38 21 3508
38 22 3649
38 23 3794
38 24 3459
38 25 2670
38 26 3522
38 27 4431
38 28 4058
38 29 3323
38 30 3654
38 31 2743
38 32 4275
38 33 2769
38 34 2039
38 35 4290
38 36 3397
38 37 2173
38 39 2337
38 40 2610
38 41 3117
38 42 4596
38 43 3741
38 44 4208
38 45 2520
38 46 4743
38 47 4307
38 48 3328
38 49 2465
39 1 4126
39 2 3935
39 3 3068
39 4 2945
39 5 3891
39 6 4132
39 7 2216
39 8 4728
39 9 3347
39 10 2889
39 11 2885
39 12 2032
39 13 3661
39 14 4028
39 15 3067
39 16 4899
39 17 3249
39 18 4244
39 19 3262
39 20 3179
39 21 2511
39 22 2683
39 23 4492
39 24 2374
39 25 2863
39 26 4961
39 27 3580
39 28 2980
39 29 3979
39 30 2476
39 31 2632
39 32 2903
39 33 4599
39 35 2033
39 36 3654
39 37 3754
39 38 2337
39 40 4969
39 41 3996
39 42 2055
39 43 3203
39 44 3432
39 45 2917
39 46 4841
39 47 3662
39 48 3199
39 49 2494
40 1 2395
40 2 2460
40 3 2192
40 4 4250
40 5 4971
40 6 3760
40 7 4617
40 8 4952
40 9 3835
40 10 2287
40 11 3688
40 12 3765
40 13 4713
40 14 4884
40 15 2097
40 16 4891
40 17 4384
40 18 3667
40 19 3738
40 20 2029
40 21 2409
40 22 3103
40 23 2223
40 24 2562
40 25 3785
40 26 2222
40 27 2396
40 28 2193
40 29 3510
40 30 4381
40 31 4200
40 32 2986
40 33 4063
40 34 2669
40 35 3593
40 36 2491
40 37 2375
40 38 2610
40 39 4969
40 41 4415
40 42 4698
40 43 2399
40 44 4902
40 45 3583
40 46 2070
40 47 4542
40 48 4769
40 49 4079
41 1 2605
41 2 3643
41 3 2236
41 4 4149
41 6 3754
41 7 4690
41 8 3564
41 9 3228
41 10 4542
41 11 2037
41 12 3365
41 13 3892
41 14 3141
41 15 4591
41 16 4384
41 17 4331
41 18 3865
41 19 2401
41 20 2173
41 21 2040
41 22 4890
41 23 4826
41 24 3653
41 25 2433
41 26 4291
41 27 3192
41 28 3551
41 29 2910
41 30 3849
41 31 3841
41 32 2648
41 33 3315
41 34 3380
41 35 4944
41 36 3915
41 37 4320
41 38 3117
41 39 3996
41 40 4415
41 42 4307
41 43 2203
41 44 3099
41 45 4455
41 46 3010
41 47 3597
41 48 3123
41 49 4312
42 1 2259
42 2 3639
42 3 2161
42 4 2093
42 5 3863
42 6 3199
42 7 4233
42 8 3560
42 9 4498
42 10 3104
42 11 3884
42 12 4334
42 13 4403
42 14 2757
42 15 3414
42 16 3335
42 17 4561
42 18 2117
42 19 4720
42 20 3580
42 21 2521
42 22 2115
42 23 3576
42 24 3555
42 25 2762
42 26 2958
42 27 4933
42 28 2224
42 29 3852
42 30 3735
42 31 3553
42 32 3442
42 33 3729
42 34 3001
42 35 4450
42 36 4435
42 37 4756
42 38 4596
42 39 2055
42 40 4698
42 41 4307
42 43 4281
42 44 2560
42 45 4939
42 46 2774
42 47 4350
42 48 4645
42 49 3859
43 1 2115
43 2 2306
43 3 2337
43 4 4430
43 5 4522
43 6 2131
43 7 4710
43 8 4622
43 9 4332
43 10 2608
43 11 4478
43 12 4317
43 13 4665
43 14 4259
43 15 4070
43 16 2241
43 17 3355
43 18 3216
43 19 2279
43 20 3469
43 21 4771
43 22 3123
43 23 3814
43 24 4813
43 25 4174
43 26 3298
43 27 3983
43 28 2565
43 29 3105
43 30 2551
43 31 4918
43 32 2984
43 33 4511
43 34 4970
43 35 4175
43 36 4070
43 37 3314
43 38 3741
43 39 3203
43 40 2399
43 41 2203
43 42 4281
43 44 3610
43 45 3491
43 46 3026
43 47 4992
43 48 2577
43 49 3618
44 1 3387
44 2 4328
44 3 3524
44 4 3075
44 5 2315
44 6 4299
44 7 4571
44 8 4913
44 9 4473
44 10 3918
44 11 4596
44 12 3452
44 13 4172
44 14 4292
44 15 3668
44 16 4541
44 17 3730
44 18 3716
44 19 2903
44 20 4043
44 21 4154
44 22 3370
44 23 4839
44 24 3701
44 25 3571
44 26 3216
44 27 3846
44 28 4097
44 29 2683
44 30 2212
44 31 2869
44 32 2343
44 33 4584
44 34 4633
44 35 4512
44 36 3219
44 37 3574
44 38 4208
44 39 3432
44 40 4902
44 41 3099
44 42 2560
44 43 3610
44 45 2757
44 46 3900
44 47 2585
44 48 4976
44 49 2593
45 1 2368
45 2 4527
45 3 4616
45 4 3767
45 5 4820
45 6 2029
45 7 2961
45 8 3314
45 9 3648
45 10 3205
45 11 3091
45 12 4529
45 13 2237
45 14 3202
45 15 4976
45 16 3258
45 17 2946
45 18 2644
45 19 2431
45 20 4592
45 21 3221
45 22 3124
45 23 2934
45 24 4414
45 25 2505
45 26 4152
45 27 3067
45 28 4608
45 29 4038
45 30 2375
45 31 3858
45 32 2597
45 33 4373
45 34 3985
45 35 4758
45 36 3195
45 37 3762
45 38 2520
45 39 2917
45 40 3583
45 41 4455
45 42 4939
45 43 3491
45 44 2757
45 46 3099
45 47 4368
45 48 3577
45 49 3827
46 1 2021
46 2 2155
46 3 2388
46 4 2072
46 5 3112
46 6 2588
46 7 4407
46 8 3580
46 9 3489
46 10 3006
46 11 4017
46 12 4387
46 13 3499
46 14 3373
46 15 3024
46 16 4600
46 17 2445
46 18 4599
46 19 3312
46 20 3833
46 21 3781
46 22 2802
46 23 3490
46 24 2148
46 25 2082
46 26 3636
46 27 3497
46 28 4681
46 29 2780
46 30 4942
46 31 4908
46 32 4790
46 33 2840
46 34 2263
46 35 4993
46 36 3816
46 37 3033
46 38 4743
46 39 4841
46 40 2070
46 41 3010
46 42 2774
46 43 3026
46 44 3900
46 45 3099
46 47 3309
46 48 3658
47 1 4246
47 2 2481
47 3 2726
47 4 2433
47 5 4429
47 6 3387
47 7 2100
47 8 3475
47 9 4414
47 10 3312
47 11 4540
47 12 3751
47 13 4270
47 14 4090
47 15 2831
47 16 2634
47 17 3972
47 18 4051
47 19 2859
47 20 2184
47 21 2670
47 22 4714
47 23 2283
47 24 4106
47 25 2368
47 26 4336
47 27 3596
47 28 2777
47 29 2743
47 30 2572
47 31 4078
47 32 2145
47 33 3863
47 34 4434
47 35 3613
47 36 3513
47 37 3213
47 38 4307
47 39 3662
47 40 4542
47 41 3597
47 42 4350
47 43 4992
47 44 2585
47 45 4368
47 46 3309
47 48 2791
47 49 4334
48 1 2439
48 2 4573
48 3 3950
48 4 3576
48 5 3125
48 6 4922
48 7 3049
48 8 2199
48 9 2215
48 10 3839
48 11 3292
48 12 3436
48 14 2640
48 15 3849
48 16 3717
48 17 4360
48 18 2826
48 19 4788
48 20 2835
48 21 2358
48 22 2047
48 23 3505
48 24 2810
48 25 2710
48 26 2755
48 27 3847
48 28 2268
48 29 4084
48 30 3078
48 31 4275
48 32 3094
48 33 2791
48 34 2339
48 35 4741
48 36 3266
48 37 2899
48 38 3328
48 39 3199
48 40 4769
48 41 3123
48 42 4645
48 43 2577
48 44 4976
48 45 3577
48 46 3658
48 47 2791
48 49 3931
1 t 2382
2 t 2354
3 t 4787
4 t 2432
6 t 4175
7 t 2310
8 t 2423
9 t 3333
10 t 3654
11 t 4824
12 t 4308
13 t 3923
14 t 2695
15 t 4671
16 t 2805
17 t 2527
18 t 2555
19 t 4161
20 t 2384
21 t 4459
22 t 4168
23 t 3263
24 t 2218
25 t 4167
26 t 4943
27 t 2251
28 t 2608
29 t 2810
30 t 4747
31 t 2264
32 t 4413
33 t 2066
34 t 3350
35 t 4900
36 t 4817
37 t 4027
38 t 2465
39 t 2494
40 t 4079
41 t 4312
42 t 3859
43 t 3618
44 t 2593
45 t 3827
47 t 4334
48 t 3931
